time_stamp	px_state	py_state	v_state	yaw_angle_state	yaw_rate_state	sensor_type	NIS	px_measured	py_measured	px_ground_truth	py_ground_truth	vx_ground_truth	vy_ground_truth
1477010443000000	0.312243	0.58034	0	0	0	lidar	0	0.312243	0.58034	0.6	0.6	5.19994	0
1477010443050000	0.714343	0.588512	7.07429	-1.00188e-17	-2.90419e-17	radar	74.3391	0.862916	0.534212	0.859997	0.600045	5.19975	0.00179686
1477010443150000	0.879465	0.407628	7.09102	0.172506	0.0321297	radar	0.810426	0.969149	0.397513	1.37996	0.600629	5.19898	0.0107781
1477010443250000	1.37503	0.352294	6.9009	-0.103444	-0.0353729	radar	0.622259	1.62331	0.499091	1.89982	0.60247	5.19766	0.0269323
1477010443350000	2.01898	0.585625	6.17671	-0.114678	-0.376813	radar	4.63563	1.96701	0.557117	2.41954	0.606284	5.19573	0.0502389
1477010443450000	2.65983	0.558259	5.9267	-0.148547	-0.559825	radar	2.34577	2.92034	0.645898	2.93904	0.612786	5.19309	0.080668
1477010443550000	3.28788	0.444564	5.84456	-0.251104	-0.780384	radar	1.68741	3.56096	0.485311	3.45825	0.622685	5.18963	0.11818
1477010443650000	3.91684	0.505831	5.65607	-0.117355	-0.245172	radar	4.93112	4.19786	0.698311	3.97708	0.636689	5.18519	0.162724
1477010443750000	4.47154	0.559617	5.46782	-0.04725	-0.0601314	radar	2.53273	4.61908	0.68951	4.49542	0.655498	5.17962	0.214238
1477010443850000	5.00615	0.589673	5.29618	-0.0204051	-0.0123456	radar	2.90339	5.20901	0.66599	5.01315	0.679804	5.1727	0.272649
1477010443950000	5.50102	0.623501	5.3187	0.0191488	0.0721319	radar	1.43921	5.22834	0.639362	5.53013	0.710295	5.16422	0.337868
1477010444050000	5.99452	0.508725	5.23512	-0.067915	-0.105779	radar	2.33769	5.89392	0.373584	6.04618	0.747647	5.15393	0.409793
1477010444150000	6.51432	0.629239	5.16565	0.0238403	0.0603305	radar	2.14372	6.62134	0.836138	6.5611	0.792523	5.14157	0.488305
1477010444250000	7.02858	0.633162	5.05043	0.0218677	0.0475845	radar	2.68093	7.29121	0.630741	7.07469	0.845578	5.12685	0.573269
1477010444350000	7.61437	0.702383	5.1983	0.0593201	0.0952892	radar	4.56782	8.08349	0.819605	7.58668	0.907449	5.10946	0.664531
1477010444450000	8.13113	0.788018	5.09361	0.0965742	0.131048	radar	2.53239	8.40453	0.884557	8.0968	0.978759	5.08907	0.761915
1477010444550000	8.63925	1.04495	5.21653	0.209833	0.250059	radar	5.72534	8.45858	1.41118	8.60472	1.06011	5.06537	0.865226
1477010444650000	9.22493	1.13556	5.27942	0.220138	0.23251	radar	5.33441	9.8809	1.1419	9.1101	1.15208	5.03798	0.974245
1477010444750000	9.77226	1.32796	5.33197	0.272179	0.262712	radar	1.9456	10.1016	1.52474	9.61255	1.25524	5.00656	1.08873
1477010444850000	10.2716	1.56081	5.24082	0.338108	0.309012	radar	2.77915	10.5377	1.72555	10.1117	1.37011	4.97074	1.20841
1477010444950000	10.7395	1.75049	5.10594	0.381705	0.330393	radar	2.71841	10.9084	1.70343	10.6069	1.49721	4.93014	1.33298
1477010445050000	11.2652	1.78972	5.13436	0.348692	0.262051	radar	2.38635	11.4783	1.42876	11.0979	1.637	4.8844	1.46213
1477010445150000	11.7221	1.86304	5.05299	0.339237	0.22994	radar	2.09619	11.4763	1.53917	11.584	1.78992	4.83313	1.59551
1477010445250000	12.2072	2.06498	5.14691	0.36749	0.23044	radar	1.0429	12.136	2.14937	12.0647	1.95639	4.77598	1.73273
1477010445350000	12.706	2.12954	5.18359	0.341261	0.17897	radar	2.25992	12.5457	1.77728	12.5394	2.13677	4.71257	1.87338
1477010445450000	13.2067	2.39429	5.30756	0.383151	0.196369	radar	1.70789	13.2198	2.6644	13.0075	2.33137	4.64258	2.01701
1477010445550000	13.5357	2.78775	5.13439	0.489138	0.288522	radar	12.1469	12.7087	3.12439	13.4682	2.54047	4.56565	2.16317
1477010445650000	13.9725	2.97076	5.08597	0.500202	0.274524	radar	0.765706	13.8302	2.73893	13.9208	2.7643	4.48147	2.31134
1477010445750000	14.4698	3.11345	5.15766	0.47917	0.220409	radar	1.74258	14.5568	2.87021	14.3646	3.00303	4.38974	2.46099
1477010445850000	14.8935	3.50162	5.25376	0.544662	0.253648	radar	2.07661	14.6754	3.96041	14.7989	3.25679	4.29021	2.61157
1477010445950000	15.3049	3.87742	5.22453	0.610577	0.297657	radar	1.18365	15.3685	4.14761	15.2228	3.52563	4.18263	2.76249
1477010446050000	15.7516	4.01091	5.14099	0.589229	0.256022	radar	2.20751	15.7234	3.4105	15.6355	3.80957	4.06678	2.91315
1477010446150000	16.1624	4.2921	5.05178	0.62359	0.275514	radar	1.52702	16.3376	4.21632	16.0363	4.10854	3.94251	3.0629
1477010446250000	16.5942	4.5577	5.0595	0.636506	0.26148	radar	0.320247	16.7586	4.48231	16.4242	4.42242	3.80966	3.21109
1477010446350000	16.9172	4.95102	4.91966	0.718377	0.333461	radar	4.61913	16.9236	5.10119	16.7983	4.75103	3.66817	3.35704
1477010446450000	17.2961	5.15743	4.82554	0.723377	0.318066	radar	1.4382	17.3421	4.64623	17.1579	5.09409	3.51797	3.50008
1477010446550000	17.6571	5.34576	4.6988	0.72811	0.307403	radar	2.26427	17.6463	4.74597	17.5019	5.45128	3.35907	3.63949
1477010446650000	17.9493	5.76202	4.67271	0.8023	0.35442	radar	1.31366	17.9216	6.07151	17.8297	5.82221	3.19151	3.77458
1477010446750000	18.2298	6.23922	4.75037	0.874881	0.380493	radar	1.25229	18.1245	6.79027	18.1402	6.20641	3.01542	3.90462
1477010446850000	18.487	6.70055	4.78081	0.944825	0.408867	radar	0.477759	18.4022	7.02231	18.4328	6.60333	2.83093	4.0289
1477010446950000	18.7849	7.091	4.82648	0.967538	0.380542	radar	0.613699	18.8089	7.24388	18.7064	7.01237	2.63825	4.14672
1477010447050000	18.959	7.52842	4.76723	1.04601	0.430011	radar	3.29042	18.5479	7.4012	18.9604	7.43283	2.43767	4.25737
1477010447150000	19.2262	7.87913	4.7498	1.06162	0.402541	radar	0.326048	19.3089	7.67375	19.1939	7.86397	2.22949	4.36017
1477010447250000	19.4218	8.28252	4.75003	1.09564	0.388282	radar	2.27224	19.0239	8.17194	19.4062	8.30497	2.01409	4.45445
1477010447350000	19.6284	8.66024	4.6913	1.13539	0.401081	radar	0.559552	19.6843	8.35902	19.5966	8.75494	1.7919	4.53956
1477010447450000	19.7578	9.17364	4.72024	1.20988	0.435486	radar	0.653656	19.6061	9.48659	19.7645	9.21294	1.56341	4.61488
1477010447550000	19.8415	9.67581	4.72334	1.29134	0.479372	radar	1.03801	19.6163	9.76606	19.9093	9.67795	1.32916	4.67984
1477010447650000	19.8748	10.3477	4.90727	1.36208	0.460795	radar	5.98297	19.1911	11.5493	20.0303	10.1489	1.08972	4.73389
1477010447750000	19.9061	10.853	4.90618	1.43466	0.492857	radar	0.955605	19.6775	10.803	20.1271	10.6247	0.845742	4.77652
1477010447850000	19.9046	11.4811	5.02834	1.492	0.47113	radar	2.87643	19.4335	12.3402	20.1993	11.1041	0.597892	4.80727
1477010447950000	19.7667	12.0838	5.07669	1.61483	0.561674	radar	5.11755	19.2063	12.2418	20.2466	11.5861	0.346889	4.82575
1477010448050000	19.8722	12.4399	4.95951	1.59026	0.458251	radar	4.60386	19.966	11.9688	20.2687	12.0692	0.093487	4.83159
1477010448150000	19.8376	12.8779	4.89108	1.66007	0.511446	radar	2.02362	20.0192	12.4823	20.2652	12.5522	-0.161529	4.82451
1477010448250000	19.9458	13.1857	4.73765	1.67299	0.497444	radar	5.19422	20.9151	12.2555	20.2363	13.0339	-0.417348	4.80428
1477010448350000	19.8925	13.6391	4.72782	1.71608	0.486521	radar	0.187697	19.858	13.5236	20.1818	13.5129	-0.673135	4.77072
1477010448450000	19.8731	14.0147	4.64134	1.76196	0.505089	radar	1.38666	20.3387	13.5307	20.1017	13.9878	-0.928043	4.72374
1477010448550000	19.7598	14.463	4.63886	1.81599	0.508773	radar	0.146516	19.6717	14.4038	19.9962	14.4573	-1.18121	4.66331
1477010448650000	19.7277	14.7832	4.52254	1.84297	0.489365	radar	1.88539	20.1149	14.0165	19.8655	14.9202	-1.43177	4.58944
1477010448750000	19.5582	15.2072	4.50332	1.95446	0.613243	radar	10.4389	20.0157	15.3443	19.7099	15.3749	-1.67887	4.50226
1477010448850000	19.4694	15.5341	4.41364	1.99416	0.595565	radar	1.06277	19.9388	15.0864	19.5298	15.8203	-1.92164	4.40193
1477010448950000	19.2892	15.9403	4.41348	2.0333	0.556465	radar	0.827901	19.1556	16.0022	19.3257	16.2549	-2.15925	4.28868
1477010449050000	19.1113	16.3136	4.39535	2.08988	0.567448	radar	0.692481	19.4007	16.2962	19.0981	16.6777	-2.39087	4.16284
1477010449150000	18.794	16.7996	4.524	2.19559	0.652797	radar	9.7273	18.8373	17.7112	18.8477	17.0872	-2.61571	4.02476
1477010449250000	18.6417	17.1277	4.41895	2.19531	0.547231	radar	5.04035	18.8177	17.0316	18.5752	17.4822	-2.83299	3.87489
1477010449350000	18.3845	17.4909	4.4182	2.23003	0.508014	radar	0.878519	18.2749	17.4877	18.2814	17.8617	-3.042	3.71372
1477010449450000	18.1115	17.774	4.37876	2.30562	0.557726	radar	1.44173	18.3021	17.498	17.9671	18.2246	-3.24204	3.5418
1477010449550000	17.9448	18.0709	4.3061	2.33389	0.535246	radar	6.73527	18.8558	18.1364	17.6334	18.5697	-3.43247	3.35973
1477010449650000	17.6515	18.3284	4.27559	2.40104	0.562194	radar	0.565213	17.7945	18.0801	17.281	18.8962	-3.61271	3.16817
1477010449750000	17.2663	18.7466	4.39508	2.44476	0.541072	radar	4.94042	16.9398	19.7311	16.9113	19.203	-3.78221	2.9678
1477010449850000	16.7938	19.1692	4.5657	2.50798	0.554631	radar	4.80336	16.1674	20.2201	16.5251	19.4894	-3.9405	2.75938
1477010449950000	16.4382	19.2786	4.4732	2.59643	0.602344	radar	8.67244	16.4366	18.2742	16.1237	19.7545	-4.08716	2.54364
1477010450050000	16.1163	19.4761	4.38518	2.6266	0.54625	radar	2.10109	16.2328	19.2166	15.7082	19.9978	-4.22185	2.32141
1477010450150000	15.5343	19.9157	4.62274	2.66169	0.510418	radar	9.28953	14.3677	21.3406	15.2799	20.2185	-4.34427	2.09347
1477010450250000	15.0766	20.1047	4.64277	2.7229	0.519816	radar	1.31907	14.7476	19.9571	14.84	20.4162	-4.4542	1.86068
1477010450350000	14.5219	20.3801	4.78069	2.77891	0.527654	radar	2.03542	13.841	21.0031	14.3897	20.5904	-4.55149	1.62386
1477010450450000	14.0246	20.5725	4.83704	2.83774	0.541797	radar	0.556126	13.8232	20.859	13.9304	20.7408	-4.63606	1.38386
1477010450550000	13.5879	20.6363	4.81703	2.9231	0.599155	radar	1.76882	13.8263	20.4261	13.4632	20.8671	-4.70789	1.14153
1477010450650000	13.1231	20.7753	4.8281	2.97182	0.589126	radar	1.98287	13.2669	21.1579	12.9895	20.969	-4.76702	0.897694
1477010450750000	12.4705	20.9691	5.00506	3.02069	0.578511	radar	3.29692	11.5171	21.6724	12.5106	21.0465	-4.81358	0.653175
1477010450850000	12.022	21.0119	4.97234	3.07945	0.585929	radar	1.01846	12.3859	21.1066	12.0276	21.0996	-4.84773	0.408778
1477010450950000	11.5382	20.9845	4.95248	3.14786	0.595688	radar	1.02003	11.5265	20.6748	11.5418	21.1283	-4.86971	0.165281
1477010451050000	10.9894	20.9328	4.98675	3.21656	0.600596	radar	3.61819	10.5558	20.5567	11.0544	21.1327	-4.87982	-0.076565
1477010451150000	10.3174	21.0066	5.10241	3.23444	0.53211	radar	4.70001	9.30535	21.3896	10.5666	21.1131	-4.8784	-0.31604
1477010451250000	9.81925	20.9901	5.09753	3.2748	0.517597	radar	1.49106	9.97958	21.2932	10.0795	21.0697	-4.86585	-0.552463
1477010451350000	9.30854	20.9767	5.06833	3.28848	0.453417	radar	2.37455	9.38223	21.111	9.59422	21.0028	-4.84262	-0.785189
1477010451450000	8.92916	20.8763	4.97083	3.34008	0.463239	radar	2.61566	9.63392	20.9724	9.11177	20.9128	-4.80919	-1.01362
1477010451550000	8.69423	20.644	4.75458	3.41766	0.490665	radar	4.80531	9.84634	20.009	8.63315	20.8003	-4.76608	-1.2372
1477010451650000	8.24614	20.4939	4.76692	3.4744	0.504799	radar	0.149854	8.29647	20.4978	8.1593	20.6657	-4.71387	-1.45542
1477010451750000	7.86326	20.3306	4.75436	3.53912	0.535569	radar	3.40645	8.29081	20.6565	7.69111	20.5096	-4.65313	-1.66781
1477010451850000	7.37528	20.1497	4.78824	3.58368	0.523143	radar	0.437371	7.09214	20.1196	7.22939	20.3326	-4.58448	-1.87399
1477010451950000	6.93238	19.9698	4.77895	3.62149	0.50368	radar	0.514512	6.89359	20.1536	6.7749	20.1352	-4.50854	-2.07357
1477010452050000	6.52547	19.7891	4.75908	3.66025	0.493158	radar	2.49144	6.67637	20.2142	6.32834	19.9183	-4.42598	-2.26625
1477010452150000	5.97114	19.5482	4.9163	3.70561	0.503165	radar	2.56901	5.28178	19.5036	5.89034	19.6824	-4.33744	-2.45178
1477010452250000	5.6473	19.2353	4.85045	3.77316	0.515257	radar	0.748366	5.9506	18.9859	5.46145	19.4284	-4.24359	-2.62995
1477010452350000	5.36163	18.9903	4.69538	3.81063	0.484685	radar	4.2714	5.87397	19.301	5.04219	19.157	-4.1451	-2.80059
1477010452450000	4.78894	18.7533	4.87392	3.82249	0.462881	radar	2.92683	3.98679	19.0452	4.63297	18.8689	-4.04263	-2.96359
1477010452550000	4.45417	18.4619	4.7901	3.8551	0.434572	radar	1.06706	4.69245	18.4634	4.23416	18.5648	-3.93685	-3.11888
1477010452650000	3.96283	18.1864	4.98143	3.89393	0.464762	radar	7.84726	3.42434	18.8357	3.84606	18.2457	-3.82841	-3.26644
1477010452750000	3.725	17.8634	4.81748	3.93752	0.440816	radar	2.94844	4.3011	17.9267	3.46891	17.9122	-3.71795	-3.40627
1477010452850000	3.23232	17.5502	4.98833	3.95847	0.44066	radar	3.21854	2.65664	17.888	3.10287	17.565	-3.60609	-3.53844
1477010452950000	3.00711	17.1326	4.97911	4.04637	0.49173	radar	1.31643	3.26647	17.0897	2.74805	17.2051	-3.49344	-3.66302
1477010453050000	2.66217	16.7968	4.87629	4.05654	0.436089	radar	3.06298	2.55039	16.8884	2.4045	16.833	-3.38059	-3.78014
1477010453150000	2.17945	16.4213	4.94611	4.04408	0.375381	radar	5.05124	1.57735	16.0489	2.07221	16.4497	-3.26812	-3.88995
1477010453250000	1.8166	16.0779	4.92919	4.04851	0.337407	radar	0.98643	1.74362	16.2687	1.75112	16.0557	-3.15656	-3.99261
1477010453350000	1.58693	15.6359	4.97247	4.12522	0.392563	radar	1.58706	1.6097	15.5526	1.44111	15.6517	-3.04644	-4.08832
1477010453450000	1.18308	15.269	5.02224	4.12129	0.355036	radar	1.70866	0.828993	15.528	1.14201	15.2386	-2.93825	-4.1773
1477010453550000	0.904276	14.9067	4.94204	4.13295	0.321138	radar	2.13797	1.03147	15.2134	0.853604	14.8169	-2.83246	-4.25977
1477010453650000	0.697813	14.4379	4.9931	4.20253	0.368197	radar	1.66838	0.722177	14.2445	0.575628	14.3872	-2.72952	-4.33598
1477010453750000	0.352325	13.9659	5.18909	4.23556	0.389105	radar	3.45617	-0.0328023	13.9604	0.307779	13.9502	-2.62984	-4.40617
1477010453850000	0.118441	13.4948	5.25204	4.28553	0.411812	radar	0.985638	0.0524412	13.6377	0.0497099	13.5065	-2.53381	-4.47061
1477010453950000	-0.159552	13.0515	5.20922	4.29213	0.370006	radar	1.23831	-0.275043	13.1456	-0.198962	13.0566	-2.44179	-4.52955
1477010454050000	-0.484044	12.5823	5.20774	4.2803	0.312271	radar	2.30116	-0.684792	12.3563	-0.438654	12.6011	-2.35412	-4.58326
1477010454150000	-0.793617	12.1584	5.20846	4.27144	0.272306	radar	2.2574	-0.972122	12.5207	-0.669818	12.1404	-2.27111	-4.63198
1477010454250000	-1.09307	11.6862	5.25265	4.27251	0.248	radar	0.408812	-1.26757	11.6495	-0.892931	11.6751	-2.19304	-4.67598
1477010454350000	-1.23211	11.2164	5.1296	4.29924	0.226441	radar	3.42075	-0.891441	10.959	-1.1085	11.2057	-2.12017	-4.71549
1477010454450000	-1.36317	10.7429	5.13857	4.35552	0.270117	radar	1.23644	-1.29894	10.9012	-1.31706	10.7324	-2.05273	-4.75075
1477010454550000	-1.5465	10.2236	5.20957	4.39031	0.285466	radar	0.925857	-1.59293	10.0212	-1.51917	10.2559	-1.99093	-4.78198
1477010454650000	-1.68272	9.7707	5.11539	4.41255	0.268609	radar	1.18922	-1.59702	9.96554	-1.71539	9.77637	-1.93498	-4.80939
1477010454750000	-1.95296	9.26893	5.22947	4.40629	0.245536	radar	1.91496	-2.27191	9.37316	-1.90631	9.29431	-1.88502	-4.83316
1477010454850000	-2.0746	8.82825	5.11358	4.42407	0.22561	radar	2.18486	-1.96565	9.13274	-2.09256	8.81003	-1.8412	-4.85347
1477010454950000	-2.3668	8.30446	5.2332	4.3982	0.180287	radar	2.19132	-2.65862	8.19477	-2.27474	8.32388	-1.80365	-4.87047
1477010455050000	-2.42425	7.90272	5.06923	4.43798	0.194779	radar	5.99713	-2.273	8.52315	-2.45348	7.83617	-1.77248	-4.8843
1477010455150000	-2.75768	7.40344	5.14129	4.37434	0.0977065	radar	4.98696	-3.08256	7.38874	-2.62944	7.34723	-1.74777	-4.89507
1477010455250000	-2.84569	6.95655	5.07167	4.41693	0.137651	radar	1.42267	-2.79412	7.20818	-2.80326	6.85734	-1.72958	-4.90286
1477010455350000	-2.92218	6.51153	4.91337	4.42764	0.106294	radar	4.61457	-2.57673	6.36755	-2.97559	6.36681	-1.71797	-4.90774
1477010455450000	-3.16627	6.01009	5.0405	4.40945	0.0861396	radar	2.80634	-3.50172	6.10796	-3.14709	5.87592	-1.71297	-4.90976
1477010455550000	-3.355	5.49817	5.06333	4.38878	0.0369912	radar	2.4696	-3.19736	5.19093	-3.31843	5.38496	-1.71458	-4.90893
1477010455650000	-3.48478	5.01219	5.05761	4.40989	0.0622506	radar	0.321586	-3.4281	4.94644	-3.49026	4.89422	-1.72281	-4.90525
1477010455750000	-3.68732	4.48569	5.11408	4.38041	0.00185813	radar	3.26334	-3.50501	4.17643	-3.66325	4.40398	-1.73763	-4.89868
1477010455850000	-3.87407	4.00045	5.14425	4.38157	0.0119169	radar	0.766145	-4.06447	4.10977	-3.83806	3.91452	-1.75899	-4.88918
1477010455950000	-4.074	3.57901	5.07939	4.35267	-0.0395165	radar	3.0637	-4.23729	3.88878	-4.01533	3.42616	-1.78686	-4.87666
1477010456050000	-4.30088	3.04756	5.19504	4.32856	-0.0723199	radar	1.67255	-4.27467	2.88187	-4.19571	2.93919	-1.82113	-4.86104
1477010456150000	-4.48374	2.53202	5.2298	4.33328	-0.0524223	radar	0.672361	-4.38481	2.39989	-4.37985	2.45393	-1.86173	-4.84218
1477010456250000	-4.6838	2.03917	5.25216	4.30169	-0.113984	radar	3.95272	-4.29257	1.92854	-4.56836	1.97072	-1.90853	-4.81994
1477010456350000	-4.92599	1.51654	5.35564	4.2798	-0.134878	radar	1.0329	-4.98165	1.43611	-4.76186	1.48989	-1.9614	-4.79417
1477010456450000	-5.12243	1.0634	5.26461	4.27559	-0.117105	radar	0.922596	-4.98594	1.10894	-4.96095	1.01182	-2.02019	-4.76468
1477010456550000	-5.2939	0.463173	5.41243	4.29641	-0.0782943	radar	6.7478	-4.84736	0.18101	-5.16621	0.536876	-2.08471	-4.73127
1477010456650000	-5.52624	-0.0117345	5.34963	4.30441	-0.0318112	radar	10.0294	-5.99809	-0.290765	-5.3782	0.0654719	-2.15477	-4.69374
1477010456750000	-5.75441	-0.379085	5.17431	4.27039	-0.0725529	radar	2.92085	-5.64447	-0.144522	-5.59748	-0.401971	-2.23014	-4.65185
1477010456850000	-5.94548	-0.848508	5.21045	4.25014	-0.113516	radar	6.58765	-5.30947	-0.724468	-5.82456	-0.865006	-2.31058	-4.60536
1477010456950000	-6.10725	-1.40668	5.29455	4.27541	-0.071	radar	4.03846	-5.68069	-1.52871	-6.05993	-1.32316	-2.39581	-4.55404
1477010457050000	-6.35695	-1.88052	5.3906	4.23872	-0.133758	radar	4.21792	-6.11355	-1.75966	-6.30406	-1.77593	-2.48555	-4.49762
1477010457150000	-6.65776	-2.28721	5.30459	4.20042	-0.157546	radar	2.4571	-6.99344	-2.17445	-6.55738	-2.22281	-2.57946	-4.43585
1477010457250000	-6.95765	-2.71848	5.29788	4.16733	-0.179521	radar	0.667138	-7.14408	-2.67584	-6.82029	-2.66323	-2.6772	-4.36847
1477010457350000	-7.20731	-3.18061	5.26461	4.164	-0.156614	radar	0.466208	-7.13937	-3.22028	-7.09316	-3.09663	-2.7784	-4.29523
1477010457450000	-7.48601	-3.70451	5.33851	4.17293	-0.12358	radar	3.1606	-7.77186	-4.08999	-7.37632	-3.5224	-2.88265	-4.21586
1477010457550000	-7.75444	-4.11761	5.30041	4.14811	-0.14084	radar	1.42273	-7.52393	-3.88213	-7.67004	-3.93992	-2.98953	-4.13012
1477010457650000	-8.04207	-4.56123	5.29029	4.13432	-0.139009	radar	0.042993	-8.08524	-4.57834	-7.97457	-4.34854	-3.09857	-4.03778
1477010457750000	-8.32687	-4.96915	5.16793	4.12317	-0.123874	radar	1.88211	-8.453	-4.95621	-8.2901	-4.74759	-3.2093	-3.93862
1477010457850000	-8.6383	-5.26341	4.99366	4.07534	-0.155383	radar	4.01541	-8.55062	-4.79248	-8.61678	-5.13637	-3.32121	-3.83242
1477010457950000	-8.95056	-5.66107	5.00209	4.05626	-0.159282	radar	0.114442	-9.04115	-5.69364	-8.95469	-5.51417	-3.43377	-3.71901
1477010458050000	-9.23978	-5.94322	4.85435	4.01771	-0.179604	radar	5.62563	-8.86897	-5.41973	-9.30388	-5.88026	-3.54643	-3.59823
1477010458150000	-9.58445	-6.31576	4.88248	3.99251	-0.187464	radar	0.740063	-9.80646	-6.41174	-9.66432	-6.23389	-3.6586	-3.46994
1477010458250000	-10.0565	-6.58011	4.94755	3.90788	-0.258492	radar	5.62408	-10.6688	-6.35543	-10.0359	-6.57431	-3.76969	-3.33404
1477010458350000	-10.4093	-6.90302	4.97643	3.87799	-0.26475	radar	1.15041	-10.2205	-6.71044	-10.4186	-6.90075	-3.87907	-3.19046
1477010458450000	-10.8324	-7.15518	4.99063	3.81756	-0.29969	radar	1.20525	-10.8944	-6.83335	-10.8121	-7.21245	-3.98613	-3.03916
1477010458550000	-11.1948	-7.45714	4.96078	3.79306	-0.294714	radar	0.657224	-10.986	-7.3707	-11.2161	-7.50862	-4.09021	-2.88015
1477010458650000	-11.5872	-7.7038	4.92412	3.75104	-0.307189	radar	1.0301	-11.4213	-7.46085	-11.6304	-7.78849	-4.19066	-2.71349
1477010458750000	-11.9813	-7.93456	4.8042	3.70902	-0.318622	radar	1.37761	-11.9422	-7.88317	-12.0546	-8.05131	-4.28682	-2.53924
1477010458850000	-12.4202	-8.18692	4.93653	3.67427	-0.318956	radar	2.17709	-12.4462	-8.02117	-12.4881	-8.29633	-4.37802	-2.35756
1477010458950000	-12.8398	-8.35693	4.80704	3.61925	-0.343483	radar	1.8611	-12.7461	-8.19449	-12.9304	-8.5228	-4.4636	-2.16863
1477010459050000	-13.3494	-8.54072	4.90952	3.56507	-0.357373	radar	2.46909	-13.7929	-8.47158	-13.381	-8.73002	-4.54289	-1.97267
1477010459150000	-13.803	-8.60013	4.75928	3.48079	-0.409133	radar	3.60288	-13.6376	-8.26344	-13.8392	-8.91729	-4.61524	-1.76997
1477010459250000	-14.2778	-8.80793	4.90595	3.46647	-0.373042	radar	2.63518	-14.4737	-8.79552	-14.3043	-9.08395	-4.68001	-1.56086
1477010459350000	-14.6989	-9.02019	4.85851	3.45182	-0.357268	radar	0.682135	-14.5757	-9.32634	-14.7754	-9.22939	-4.73658	-1.34573
1477010459450000	-15.1881	-9.23513	4.89442	3.43496	-0.340613	radar	4.59464	-15.6189	-9.69365	-15.2517	-9.35302	-4.78436	-1.125
1477010459550000	-15.6845	-9.31212	4.82595	3.37194	-0.374122	radar	1.93743	-15.9382	-9.35751	-15.7324	-9.45431	-4.82275	-0.899159
1477010459650000	-16.2389	-9.26607	4.84583	3.27731	-0.424619	radar	1.516	-16.6033	-8.85459	-16.2164	-9.53277	-4.85124	-0.668734
1477010459750000	-16.6335	-9.33793	4.7535	3.24302	-0.425504	radar	4.17339	-16.011	-9.33486	-16.7027	-9.58797	-4.8693	-0.434301
1477010459850000	-17.0169	-9.6928	4.73913	3.31012	-0.330324	radar	7.98178	-16.9255	-10.8571	-17.1903	-9.61954	-4.87646	-0.196479
1477010459950000	-17.5671	-9.65351	4.7645	3.23273	-0.37023	radar	2.92131	-18.1371	-9.39146	-17.6781	-9.62717	-4.87232	0.0440703
1477010460050000	-18.0912	-9.54893	4.75783	3.14203	-0.422296	radar	1.25056	-18.3083	-9.18778	-18.1648	-9.61064	-4.85648	0.286648
1477010460150000	-18.5252	-9.58946	4.75327	3.12585	-0.393644	radar	1.10759	-18.2443	-9.58547	-18.6493	-9.56977	-4.82864	0.530522
1477010460250000	-18.9899	-9.49897	4.77359	3.07268	-0.397166	radar	3.08946	-18.6983	-9.02886	-19.1305	-9.50447	-4.78851	0.774927
1477010460350000	-19.5146	-9.27732	4.78584	2.96551	-0.463213	radar	1.81039	-19.7037	-8.79906	-19.6069	-9.41472	-4.73591	1.01907
1477010460450000	-20.084	-8.89349	4.91172	2.83687	-0.520432	radar	4.88141	-20.3815	-7.6755	-20.0775	-9.30061	-4.67066	1.26215
1477010460550000	-20.5045	-8.95007	4.84669	2.85432	-0.461063	radar	2.90573	-20.4587	-9.7448	-20.5409	-9.16227	-4.59271	1.50334
1477010460650000	-21.0298	-8.72895	4.90908	2.7872	-0.477216	radar	2.42929	-21.5568	-8.5005	-20.9959	-8.99994	-4.50202	1.74179
1477010460750000	-21.5164	-8.53399	4.92575	2.72955	-0.49234	radar	1.70791	-21.8628	-8.64129	-21.4412	-8.81393	-4.39865	1.97666
1477010460850000	-21.9729	-8.09883	4.97364	2.59915	-0.578306	radar	3.98863	-21.9514	-7.41274	-21.8754	-8.60465	-4.2827	2.20712
1477010460950000	-22.377	-7.88037	4.95814	2.57576	-0.527075	radar	1.69675	-22.1914	-7.70392	-22.2975	-8.37258	-4.15437	2.43232
1477010461050000	-22.7247	-7.75911	4.84716	2.54996	-0.518056	radar	2.02366	-22.3177	-8.57758	-22.7061	-8.11829	-4.01391	2.65145
1477010461150000	-23.1025	-7.55997	4.77469	2.49012	-0.558768	radar	4.17577	-23.2693	-8.32031	-23.1	-7.84243	-3.86163	2.8637
1477010461250000	-23.493	-7.26981	4.80206	2.46197	-0.507094	radar	1.56795	-23.473	-7.02103	-23.4781	-7.54572	-3.69792	3.06828
1477010461350000	-23.8861	-6.90982	4.8517	2.41159	-0.49527	radar	0.440797	-24.0505	-6.56968	-23.8393	-7.22897	-3.52321	3.26445
1477010461450000	-24.2512	-6.46662	4.91437	2.33581	-0.519585	radar	0.779043	-24.3577	-5.94086	-24.1825	-6.89307	-3.33801	3.45149
1477010461550000	-24.5748	-6.22919	4.83524	2.28703	-0.547496	radar	4.58809	-24.788	-7.18367	-24.5066	-6.53896	-3.14289	3.62873
1477010461650000	-24.8483	-5.86783	4.80784	2.22415	-0.562711	radar	0.659057	-24.6108	-6.00878	-24.8107	-6.16764	-2.93846	3.79553
1477010461750000	-25.1137	-5.41399	4.83881	2.15903	-0.562072	radar	1.29542	-24.8975	-5.02285	-25.094	-5.7802	-2.72537	3.95132
1477010461850000	-25.3982	-5.09886	4.79274	2.13813	-0.51628	radar	1.48001	-25.5328	-5.4399	-25.3556	-5.37777	-2.50435	4.09557
1477010461950000	-25.5992	-4.98858	4.57898	2.13901	-0.466794	radar	6.86341	-25.0178	-6.55904	-25.5946	-4.96152	-2.27613	4.22781
1477010462050000	-25.8408	-4.57232	4.60088	2.09484	-0.456566	radar	0.151876	-25.8162	-4.40681	-25.8105	-4.53268	-2.04149	4.34764
1477010462150000	-26.0956	-4.18677	4.59477	2.02384	-0.524441	radar	11.1403	-26.8953	-4.43966	-26.0027	-4.0925	-1.80125	4.45471
1477010462250000	-26.2738	-3.74505	4.61015	1.93522	-0.59575	radar	3.60834	-26.5652	-3.85723	-26.1706	-3.64227	-1.55623	4.54875
1477010462350000	-26.3904	-3.23211	4.66354	1.84052	-0.648052	radar	1.38866	-26.2976	-3.01078	-26.3138	-3.18332	-1.30729	4.62954
1477010462450000	-26.4936	-2.8733	4.59495	1.78281	-0.648742	radar	0.62391	-26.4681	-3.44967	-26.4319	-2.71697	-1.05529	4.69696
1477010462550000	-26.6009	-2.34391	4.64747	1.7296	-0.616819	radar	1.1489	-26.657	-1.72382	-26.5247	-2.24456	-0.80109	4.75091
1477010462650000	-26.6515	-1.82167	4.67569	1.67908	-0.579997	radar	2.6826	-26.3248	-1.32261	-26.5921	-1.76744	-0.545553	4.79141
1477010462750000	-26.6529	-1.46307	4.59602	1.6078	-0.614198	radar	1.5914	-26.4998	-2.19526	-26.6338	-1.28695	-0.289538	4.81852
1477010462850000	-26.7137	-1.10389	4.52794	1.56706	-0.59743	radar	3.88729	-27.2008	-1.67679	-26.65	-0.804425	-0.0338883	4.83238
1477010462950000	-26.7089	-0.641267	4.55045	1.49776	-0.621711	radar	2.33605	-26.9891	0.0351487	-26.6406	-0.321181	0.220572	4.83317
1477010463050000	-26.6816	-0.252395	4.51176	1.43598	-0.632588	radar	81.3822	-26.9537	0.136943	-26.6059	0.161489	0.473041	4.82116
1477010463150000	-26.6501	0.168566	4.47581	1.39732	-0.591849	radar	2.17003	-26.8241	0.381506	-26.5462	0.642323	0.722748	4.79667
1477010463250000	-26.5549	0.593652	4.42747	1.36484	-0.529112	radar	5.8952	-25.9562	2.60409	-26.4616	1.12009	0.968955	4.76007
1477010463350000	-26.4921	0.666405	4.15118	1.33047	-0.507374	radar	3.73615	-26.5072	-0.563928	-26.3526	1.59361	1.21096	4.71181
1477010463450000	-26.3724	1.22549	4.26842	1.27833	-0.506241	radar	0.746718	-26.3475	1.82827	-26.2197	2.06173	1.44811	4.65235
1477010463550000	-26.2416	1.76429	4.34121	1.24774	-0.463515	radar	1.58304	-26.069	2.27896	-26.0633	2.52336	1.67979	4.58223
1477010463650000	-26.0831	2.31187	4.46614	1.18315	-0.5044	radar	3.27686	-26.3234	3.02388	-25.8841	2.97746	1.90543	4.502
1477010463750000	-25.9247	2.89747	4.59248	1.14449	-0.493272	radar	2.83154	-26.1824	3.73376	-25.6826	3.42306	2.12452	4.41227
1477010463850000	-25.7076	3.27645	4.57375	1.08616	-0.505158	radar	0.352052	-25.5773	3.13316	-25.4596	3.85924	2.3366	4.31367
1477010463950000	-25.4741	3.68973	4.58271	1.03591	-0.501874	radar	0.179272	-25.3516	3.75691	-25.2157	4.28514	2.54127	4.20686
1477010464050000	-25.1575	4.12377	4.60574	0.986945	-0.478133	radar	9.35785	-24.2719	4.30917	-24.9518	4.69998	2.73817	4.09251
1477010464150000	-24.8435	4.57893	4.66862	0.937049	-0.474163	radar	2.44467	-24.3609	4.95947	-24.6686	5.10304	2.92701	3.97132
1477010464250000	-24.5217	4.98519	4.73284	0.869231	-0.512752	radar	1.06118	-24.4379	5.24592	-24.367	5.49367	3.10754	3.84401
1477010464350000	-24.2316	5.23884	4.67892	0.800293	-0.545651	radar	1.72329	-24.5638	4.75836	-24.0477	5.8713	3.27959	3.71127
1477010464450000	-23.8994	5.71815	4.71081	0.792091	-0.464852	radar	5.03367	-23.5491	6.44495	-23.7117	6.23542	3.44302	3.57383
1477010464550000	-23.5864	6.13807	4.74855	0.771812	-0.430315	radar	1.53708	-23.7544	6.53746	-23.3598	6.58559	3.59775	3.4324
1477010464650000	-23.2121	6.34335	4.67266	0.710331	-0.440323	radar	4.48172	-22.7862	5.74143	-22.9928	6.92146	3.74376	3.28768
1477010464750000	-22.7937	6.6515	4.73072	0.646353	-0.470819	radar	1.99421	-22.418	6.76159	-22.6117	7.24273	3.88106	3.14038
1477010464850000	-22.3261	7.06448	4.92593	0.580828	-0.520584	radar	4.05824	-22.0543	7.85452	-22.2173	7.54917	4.00974	2.99118
1477010464950000	-21.8779	7.64493	5.09581	0.597271	-0.43765	radar	7.64441	-21.6178	9.0351	-21.8105	7.84064	4.12989	2.84074
1477010465050000	-21.4993	7.91749	5.05667	0.567711	-0.417164	radar	1.41465	-21.8637	7.78661	-21.392	8.11703	4.24166	2.68971
1477010465150000	-21.0135	8.43373	5.2063	0.586226	-0.339916	radar	4.62883	-20.5503	9.28616	-20.9628	8.37833	4.34526	2.53871
1477010465250000	-20.4874	8.78357	5.32116	0.529046	-0.386621	radar	3.68768	-19.9265	9.40847	-20.5237	8.62457	4.4409	2.38835
1477010465350000	-20.0626	9.05503	5.27502	0.5182	-0.337728	radar	1.47309	-20.2277	8.8532	-20.0753	8.85583	4.52884	2.23919
1477010465450000	-19.6605	9.25194	5.17893	0.500147	-0.300074	radar	1.70523	-19.9264	8.78179	-19.6186	9.07227	4.60937	2.09179
1477010465550000	-19.1097	9.60791	5.32426	0.466252	-0.322207	radar	2.66367	-18.5719	10.2069	-19.1542	9.27409	4.68278	1.94666
1477010465650000	-18.7245	9.66553	5.17301	0.4072	-0.349111	radar	2.91948	-19.2825	8.98189	-18.6827	9.46154	4.7494	1.80429
1477010465750000	-18.2573	9.6299	5.09584	0.306923	-0.432021	radar	8.09604	-18.1634	8.72444	-18.2049	9.63492	4.80959	1.66514
1477010465850000	-17.7237	9.83636	5.1098	0.285192	-0.3934	radar	3.03775	-17.2296	9.97767	-17.7214	9.79457	4.86368	1.52964
1477010465950000	-17.2119	10.0141	5.14866	0.251151	-0.391407	radar	0.170414	-17.1554	10.212	-17.2328	9.94087	4.91205	1.39818
1477010466050000	-16.7023	10.1383	5.14962	0.215681	-0.383764	radar	0.184181	-16.5958	10.1078	-16.7396	10.0743	4.95507	1.27113
1477010466150000	-16.1711	10.3082	5.19594	0.191836	-0.369973	radar	0.387081	-16.09	10.5824	-16.2424	10.1952	4.99311	1.14883
1477010466250000	-15.6735	10.424	5.16594	0.174234	-0.337847	radar	0.594944	-15.7234	10.41	-15.7416	10.3041	5.02655	1.03159
1477010466350000	-15.0214	10.5792	5.35906	0.126631	-0.377031	radar	6.0989	-14.2385	10.9109	-15.2376	10.4016	5.05576	0.919692
1477010466450000	-14.5897	10.5178	5.1477	0.101754	-0.320314	radar	8.16457	-14.724	9.63507	-14.7309	10.4882	5.0811	0.813394
1477010466550000	-14.0583	10.5718	5.15845	0.0741419	-0.3126	radar	0.348341	-13.9005	10.5238	-14.2218	10.5645	5.10293	0.712926
1477010466650000	-13.5208	10.6996	5.14267	0.0904239	-0.242422	radar	2.68369	-13.3956	10.7857	-13.7107	10.631	5.12159	0.618496
1477010466750000	-12.9952	10.7542	5.16258	0.067286	-0.243764	radar	0.0406648	-12.9374	10.8137	-13.1979	10.6884	5.13741	0.530288
1477010466850000	-12.4188	10.9081	5.23242	0.0825701	-0.199959	radar	1.39053	-12.2518	11.2495	-12.6836	10.7373	5.15071	0.448467
1477010466950000	-11.9003	10.9707	5.21819	0.0806053	-0.170852	radar	0.420172	-11.9352	10.9161	-12.1681	10.7783	5.16179	0.373177
1477010467050000	-11.3237	11.0311	5.27285	0.0692944	-0.164867	radar	1.32411	-10.9703	10.9676	-11.6516	10.8121	5.17092	0.304546
1477010467150000	-10.9334	10.8272	5.14709	-0.0465	-0.296313	radar	8.63183	-11.3472	10.5111	-11.1342	10.8394	5.17836	0.242681
1477010467250000	-10.4571	10.7947	5.10011	-0.0725477	-0.287781	radar	0.49573	-10.6563	10.8369	-10.6161	10.8609	5.18435	0.187679
1477010467350000	-9.92917	10.8934	5.04648	-0.0317327	-0.1838	radar	7.14529	-9.90413	11.2255	-10.0976	10.8772	5.1891	0.139618
1477010467450000	-9.58472	10.7612	4.85096	-0.0696985	-0.185992	radar	3.87426	-10.195	10.3498	-9.57852	10.8891	5.19278	0.0985664
1477010467550000	-9.14841	10.6806	4.7665	-0.0874207	-0.168557	radar	1.43154	-9.2226	10.3527	-9.05915	10.8972	5.19557	0.0645787
1477010467650000	-8.74674	10.5484	4.65433	-0.118375	-0.16659	radar	2.81778	-8.83914	10.0319	-8.53953	10.9023	5.19759	0.0376992
1477010467750000	-8.18083	10.6336	4.7528	-0.0825987	-0.109208	radar	3.51003	-7.91543	11.1157	-8.01974	10.905	5.19896	0.0179617
1477010467850000	-7.61226	10.6687	4.83528	-0.0536598	-0.0576108	radar	2.10061	-7.25987	10.6458	-7.49981	10.9061	5.19975	0.00539029
1477010467950000	-7.13196	10.7356	4.82417	-0.00977871	0.0114804	radar	3.51518	-7.39396	11.0181	-6.97983	10.9064	5.2	-7.84874e-15
