time_stamp	px_state	py_state	v_state	yaw_angle_state	yaw_rate_state	sensor_type	NIS	px_measured	py_measured	px_ground_truth	py_ground_truth	vx_ground_truth	vy_ground_truth
1477010443000000	0.312243	0.58034	0	0	0	lidar	0	0.312243	0.58034	0.6	0.6	5.19994	0
1477010443050000	0.552645	0.442088	6.93528	1.16527e-17	-1.7882e-17	radar	73.4673	0.862916	0.534212	0.859997	0.600045	5.19975	0.00179686
1477010443100000	1.15855	0.489291	6.94649	-0.044692	-0.00537769	lidar	0.248846	1.17385	0.481073	1.11998	0.600225	5.19943	0.00538996
1477010443150000	1.27504	0.512635	6.94191	0.218571	0.0416932	radar	1.77684	0.969149	0.397513	1.37996	0.600629	5.19898	0.0107781
1477010443200000	1.61394	0.598562	6.96481	0.256926	0.0521116	lidar	0.204597	1.65063	0.62469	1.6399	0.601347	5.19839	0.0179597
1477010443250000	1.81523	0.567571	6.48736	0.0968046	-0.0337431	radar	2.73782	1.62331	0.499091	1.89982	0.60247	5.19766	0.0269323
1477010443300000	2.15502	0.616641	6.50213	0.113437	-0.00523587	lidar	0.152644	2.18882	0.648739	2.1597	0.604086	5.19678	0.0376932
1477010443350000	2.36752	0.645234	5.57308	0.0954127	-0.174811	radar	7.92273	1.96701	0.557117	2.41954	0.606284	5.19573	0.0502389
1477010443400000	2.64592	0.669035	5.57679	0.0843755	-0.184591	lidar	0.0057497	2.65526	0.66598	2.67932	0.609155	5.1945	0.0645654
1477010443450000	2.91289	0.658654	5.49743	0.0269466	-0.386623	radar	0.440293	2.92034	0.645898	2.93904	0.612786	5.19309	0.080668
1477010443500000	3.14693	0.656578	5.45492	0.0113256	-0.365965	lidar	1.0554	3.01222	0.637046	3.19869	0.617267	5.19147	0.0985415
1477010443550000	3.43551	0.548262	5.49439	-0.154099	-0.864297	radar	1.57446	3.56096	0.485311	3.45825	0.622685	5.18963	0.11818
1477010443600000	3.74152	0.433014	5.56702	-0.286782	-1.13893	lidar	2.30319	3.89365	0.311793	3.71772	0.62913	5.18754	0.139576
1477010443650000	4.02095	0.519047	5.53227	-0.140453	-0.564085	radar	4.01222	4.19786	0.698311	3.97708	0.636689	5.18519	0.162724
1477010443700000	4.29504	0.510088	5.51736	-0.135654	-0.482285	lidar	0.321689	4.30935	0.578564	4.23632	0.645449	5.18256	0.187614
1477010443750000	4.55502	0.5452	5.44262	-0.0949651	-0.338101	radar	1.90574	4.61908	0.68951	4.49542	0.655498	5.17962	0.214238
1477010443800000	4.74182	0.654143	5.28112	0.0119077	-0.0711557	lidar	12.3669	4.35143	0.899174	4.75437	0.666921	5.17634	0.242587
1477010443850000	4.9946	0.651429	5.23003	0.00112036	-0.0867152	radar	1.98194	5.20901	0.66599	5.01315	0.679804	5.1727	0.272649
1477010443900000	5.29769	0.646773	5.28215	-0.00888016	-0.0985704	lidar	2.59505	5.51894	0.648233	5.27175	0.694234	5.16867	0.304413
1477010443950000	5.55536	0.654188	5.2909	-0.00372088	-0.0787853	radar	1.64767	5.22834	0.639362	5.53013	0.710295	5.16422	0.337868
1477010444000000	5.84988	0.66953	5.32377	0.00295709	-0.0613387	lidar	1.65053	6.022	0.708619	5.78828	0.728072	5.15932	0.372999
1477010444050000	6.09469	0.59334	5.28227	-0.0541526	-0.152565	radar	3.79927	5.89392	0.373584	6.04618	0.747647	5.15393	0.409793
1477010444100000	6.35102	0.708474	5.25803	0.0234131	-0.017544	lidar	3.96708	6.34249	0.948833	6.30379	0.769103	5.14803	0.448233
1477010444150000	6.60282	0.739068	5.22915	0.0371434	0.00374736	radar	0.777177	6.62134	0.836138	6.5611	0.792523	5.14157	0.488305
1477010444200000	6.8519	0.737782	5.21729	0.0310432	-0.00547097	lidar	0.288608	6.78214	0.714036	6.81808	0.817988	5.13452	0.52999
1477010444250000	7.09892	0.718654	5.17065	0.0124682	-0.0355475	radar	3.60933	7.29121	0.630741	7.07469	0.845578	5.12685	0.573269
1477010444300000	7.32211	0.805116	5.12958	0.0598799	0.0357667	lidar	3.39502	7.13735	0.957217	7.3309	0.875373	5.11851	0.618123
1477010444350000	7.60983	0.81629	5.18393	0.0593027	0.0334101	radar	3.8084	8.08349	0.819605	7.58668	0.907449	5.10946	0.664531
1477010444400000	7.86076	0.794563	5.17658	0.0404407	0.00448021	lidar	0.532152	7.80533	0.719126	7.84199	0.941886	5.09966	0.712469
1477010444450000	8.11382	0.81051	5.14795	0.0421161	0.0040524	radar	2.72257	8.40453	0.884557	8.0968	0.978759	5.08907	0.761915
1477010444500000	8.35312	0.82954	5.12995	0.0473058	0.0112233	lidar	0.581575	8.24796	0.840322	8.35106	1.01814	5.07766	0.812843
1477010444550000	8.61638	0.920822	5.16438	0.0923498	0.0763223	radar	6.68281	8.45858	1.41118	8.60472	1.06011	5.06537	0.865226
1477010444600000	8.85381	0.982212	5.14573	0.116816	0.10553	lidar	0.911879	8.74615	1.04858	8.85775	1.10473	5.05216	0.919037
1477010444650000	9.13907	1.02137	5.18204	0.125471	0.109733	radar	6.60688	9.8809	1.1419	9.1101	1.15208	5.03798	0.974245
1477010444700000	9.37659	1.05536	5.16281	0.132314	0.112009	lidar	0.751564	9.25579	1.04913	9.36172	1.20223	5.0228	1.03082
1477010444750000	9.65132	1.13037	5.19379	0.158419	0.140316	radar	4.48947	10.1016	1.52474	9.61255	1.25524	5.00656	1.08873
1477010444800000	9.91974	1.26339	5.21541	0.213306	0.2072	lidar	3.03025	10.0484	1.44598	9.86254	1.31118	4.98922	1.14794
1477010444850000	10.1704	1.3616	5.19748	0.248354	0.245299	radar	4.47306	10.5377	1.72555	10.1117	1.37011	4.97074	1.20841
1477010444900000	10.397	1.44333	5.17566	0.271255	0.261091	lidar	1.15253	10.2492	1.45907	10.3598	1.4321	4.95106	1.2701
1477010444950000	10.6326	1.54183	5.14022	0.304885	0.297424	radar	4.16799	10.9084	1.70343	10.6069	1.49721	4.93014	1.33298
1477010445000000	10.8631	1.56777	5.11558	0.293513	0.261864	lidar	1.711	10.7313	1.45265	10.853	1.56549	4.90794	1.39701
1477010445050000	11.1257	1.62043	5.1331	0.291662	0.239	radar	1.82986	11.4783	1.42876	11.0979	1.637	4.8844	1.46213
1477010445100000	11.4038	1.65815	5.1559	0.280206	0.205302	lidar	1.91854	11.587	1.61462	11.3416	1.71179	4.85948	1.52832
1477010445150000	11.6378	1.72184	5.12986	0.289299	0.206993	radar	1.12145	11.4763	1.53917	11.584	1.78992	4.83313	1.59551
1477010445200000	11.8706	1.78331	5.11445	0.294549	0.200506	lidar	0.507724	11.7788	1.74591	11.8251	1.87144	4.80531	1.66366
1477010445250000	12.1217	1.87433	5.13773	0.309703	0.204086	radar	1.14808	12.136	2.14937	12.0647	1.95639	4.77598	1.73273
1477010445300000	12.3678	1.8957	5.12198	0.289765	0.162924	lidar	0.934352	12.3226	1.78353	12.3029	2.04482	4.74508	1.80265
1477010445350000	12.6212	1.95337	5.13798	0.286097	0.143037	radar	0.970829	12.5457	1.77728	12.5394	2.13677	4.71257	1.87338
1477010445400000	12.821	2.09354	5.11547	0.333796	0.199494	lidar	3.32545	12.5924	2.17509	12.7743	2.23227	4.67842	1.94485
1477010445450000	13.0806	2.19635	5.16029	0.345516	0.193956	radar	3.58057	13.2198	2.6644	13.0075	2.33137	4.64258	2.01701
1477010445500000	13.2827	2.34119	5.14189	0.389674	0.241754	lidar	2.39696	13.0875	2.40708	13.2388	2.43409	4.605	2.08981
1477010445550000	13.4661	2.50479	5.09272	0.449654	0.318767	radar	10.54	12.7087	3.12439	13.4682	2.54047	4.56565	2.16317
1477010445600000	13.7139	2.61124	5.10923	0.4593	0.309454	lidar	0.774551	13.836	2.62479	13.6955	2.65053	4.52448	2.23703
1477010445650000	13.9333	2.73158	5.09979	0.480634	0.320132	radar	0.201523	13.8302	2.73893	13.9208	2.7643	4.48147	2.31134
1477010445700000	14.1597	2.879	5.11371	0.509807	0.337201	lidar	0.373974	14.2106	2.94205	14.1439	2.88179	4.43656	2.38601
1477010445750000	14.4073	2.97994	5.14197	0.501319	0.290584	radar	1.72145	14.5568	2.87021	14.3646	3.00303	4.38974	2.46099
1477010445800000	14.6195	3.04985	5.10458	0.49243	0.261231	lidar	2.4426	14.4616	2.90734	14.583	3.12802	4.34097	2.5362
1477010445850000	14.8468	3.19782	5.13362	0.511622	0.260588	radar	3.85209	14.6754	3.96041	14.7989	3.25679	4.29021	2.61157
1477010445900000	15.0495	3.38885	5.14908	0.558688	0.305493	lidar	0.998093	15.0261	3.5067	15.0122	3.38932	4.23744	2.68703
1477010445950000	15.259	3.55806	5.15271	0.593634	0.336902	radar	2.35316	15.3685	4.14761	15.2228	3.52563	4.18263	2.76249
1477010446000000	15.4696	3.74098	5.17232	0.627524	0.358563	lidar	0.619921	15.5236	3.82936	15.4306	3.66572	4.12575	2.83789
1477010446050000	15.6829	3.87432	5.16662	0.634376	0.343045	radar	1.00494	15.7234	3.4105	15.6355	3.80957	4.06678	2.91315
1477010446100000	15.9055	4.01304	5.17075	0.640494	0.328146	lidar	0.297121	15.9774	4.00094	15.8375	3.95719	4.00571	2.98817
1477010446150000	16.1007	4.18377	5.15837	0.674377	0.364313	radar	1.69628	16.3376	4.21632	16.0363	4.10854	3.94251	3.0629
1477010446200000	16.2973	4.37464	5.1741	0.705168	0.37995	lidar	0.355252	16.3313	4.44499	16.2319	4.26363	3.87716	3.13723
1477010446250000	16.5076	4.53549	5.1835	0.714258	0.363078	radar	0.722166	16.7586	4.48231	16.4242	4.42242	3.80966	3.21109
1477010446300000	16.6879	4.70479	5.1715	0.735481	0.367904	lidar	0.410592	16.6039	4.67344	16.613	4.5849	3.74	3.28438
1477010446350000	16.8373	4.91756	5.14382	0.799624	0.458293	radar	4.53717	16.9236	5.10119	16.7983	4.75103	3.66817	3.35704
1477010446400000	17.0017	5.13682	5.15853	0.838842	0.478612	lidar	0.358734	16.9955	5.21099	16.9799	4.92077	3.59416	3.42897
1477010446450000	17.1704	5.31787	5.14451	0.862744	0.48602	radar	1.84352	17.3421	4.64623	17.1579	5.09409	3.51797	3.50008
1477010446500000	17.3336	5.49658	5.1294	0.880946	0.479351	lidar	0.305605	17.2894	5.43542	17.3319	5.27094	3.4396	3.57028
1477010446550000	17.4872	5.68147	5.1077	0.908694	0.495903	radar	3.48495	17.6463	4.74597	17.5019	5.45128	3.35907	3.63949
1477010446600000	17.6889	5.80294	5.07279	0.890714	0.443981	lidar	2.67384	17.7853	5.62476	17.6679	5.63506	3.27637	3.70762
1477010446650000	17.8257	6.01658	5.06258	0.935779	0.491322	radar	1.20476	17.9216	6.07151	17.8297	5.82221	3.19151	3.77458
1477010446700000	18.0055	6.19565	5.06055	0.940934	0.466612	lidar	0.882875	18.1263	6.16985	17.9872	6.01269	3.10453	3.84027
1477010446750000	18.1507	6.41025	5.06695	0.967891	0.471637	radar	0.536174	18.1245	6.79027	18.1402	6.20641	3.01542	3.90462
1477010446800000	18.2742	6.63688	5.07125	1.00254	0.485424	lidar	0.237715	18.2164	6.66138	18.2888	6.40332	2.92421	3.96753
1477010446850000	18.4018	6.85868	5.07181	1.03409	0.499592	radar	0.17557	18.4022	7.02231	18.4328	6.60333	2.83093	4.0289
1477010446900000	18.5567	6.99925	5.01596	1.02695	0.46329	lidar	3.3687	18.5422	6.76013	18.572	6.80638	2.7356	4.08867
1477010446950000	18.7044	7.20759	5.02495	1.03288	0.42884	radar	0.562585	18.8089	7.24388	18.7064	7.01237	2.63825	4.14672
1477010447000000	18.9095	7.34218	4.98893	1.0035	0.367545	lidar	4.96972	19.1441	7.18344	18.8359	7.22122	2.53893	4.20299
1477010447050000	18.989	7.56571	4.96222	1.0598	0.441441	radar	4.52693	18.5479	7.4012	18.9604	7.43283	2.43767	4.25737
1477010447100000	19.0827	7.8108	4.97615	1.0984	0.461463	lidar	0.508616	19.0138	7.8688	19.0798	7.64712	2.3345	4.3098
1477010447150000	19.2006	8.025	4.97303	1.11413	0.448573	radar	0.4015	19.3089	7.67375	19.1939	7.86397	2.22949	4.36017
1477010447200000	19.2825	8.23511	4.94833	1.14272	0.457866	lidar	1.74555	19.132	8.12845	19.3028	8.08329	2.12266	4.40842
1477010447250000	19.3792	8.45216	4.94204	1.15782	0.437386	radar	2.49143	19.0239	8.17194	19.4062	8.30497	2.01409	4.45445
1477010447300000	19.4783	8.60627	4.87141	1.1625	0.420814	lidar	5.69044	19.347	8.30741	19.5042	8.5289	1.90381	4.49819
1477010447350000	19.5633	8.82664	4.86092	1.19158	0.43993	radar	0.799119	19.6843	8.35902	19.5966	8.75494	1.7919	4.53956
1477010447400000	19.7327	8.9919	4.83088	1.16853	0.386339	lidar	4.99097	20.0039	8.8906	19.6835	8.983	1.67841	4.57848
1477010447450000	19.798	9.22485	4.82489	1.21117	0.432557	radar	1.02348	19.6061	9.48659	19.7645	9.21294	1.56341	4.61488
1477010447500000	19.9352	9.43298	4.82559	1.20712	0.4008	lidar	2.74607	20.1574	9.45949	19.8398	9.44463	1.44697	4.64869
1477010447550000	19.9708	9.66956	4.81102	1.26542	0.476035	radar	2.82668	19.6163	9.76606	19.9093	9.67795	1.32916	4.67984
1477010447600000	20.0633	9.89317	4.81177	1.27865	0.462955	lidar	0.495638	20.1573	9.90876	19.9728	9.91275	1.21005	4.70826
1477010447650000	20.1214	10.1408	4.82945	1.30168	0.451246	radar	6.73393	19.1911	11.5493	20.0303	10.1489	1.08972	4.73389
1477010447700000	20.1729	10.3945	4.84781	1.33164	0.459073	lidar	0.317475	20.166	10.4687	20.0818	10.3863	0.968259	4.75666
1477010447750000	20.1832	10.6375	4.83899	1.38678	0.519382	radar	2.82516	19.6775	10.803	20.1271	10.6247	0.845742	4.77652
1477010447800000	20.2455	10.8929	4.86183	1.40633	0.510022	lidar	1.52789	20.371	11.0109	20.1663	10.864	0.722256	4.7934
1477010447850000	20.2748	11.1458	4.87546	1.43136	0.499854	radar	4.75306	19.4335	12.3402	20.1993	11.1041	0.597892	4.80727
1477010447900000	20.3101	11.3792	4.8677	1.45352	0.497089	lidar	0.0565042	20.3164	11.3483	20.2261	11.3449	0.472738	4.81807
1477010447950000	20.2498	11.6325	4.85958	1.54206	0.618343	radar	10.1445	19.2063	12.2418	20.2466	11.5861	0.346889	4.82575
1477010448000000	20.3234	11.8673	4.8596	1.54307	0.58307	lidar	4.88754	20.6141	11.9422	20.2608	11.8275	0.220439	4.83027
1477010448050000	20.3517	12.1025	4.85739	1.53877	0.505547	radar	4.05329	19.966	11.9688	20.2687	12.0692	0.093487	4.83159
1477010448100000	20.3423	12.3741	4.88745	1.57152	0.511618	lidar	0.847254	20.3263	12.4966	20.2701	12.3108	-0.0338694	4.82968
1477010448150000	20.2895	12.6149	4.87872	1.63695	0.592837	radar	2.97188	20.0192	12.4823	20.2652	12.5522	-0.161529	4.82451
1477010448200000	20.3147	12.853	4.87401	1.64807	0.571809	lidar	1.92097	20.498	12.8924	20.254	12.7933	-0.28939	4.81605
1477010448250000	20.3009	13.0879	4.86573	1.67456	0.572869	radar	2.13618	20.9151	12.2555	20.2363	13.0339	-0.417348	4.80428
1477010448300000	20.2634	13.3049	4.83989	1.7065	0.578928	lidar	1.21021	20.1943	13.1688	20.2122	13.2738	-0.545298	4.78918
1477010448350000	20.2245	13.5414	4.83773	1.73005	0.561249	radar	1.37022	19.858	13.5236	20.1818	13.5129	-0.673135	4.77072
1477010448400000	20.2069	13.7926	4.84941	1.74829	0.548997	lidar	1.21645	20.3245	13.8896	20.1449	13.7509	-0.800753	4.74892
1477010448450000	20.1491	14.0228	4.84258	1.78666	0.572971	radar	0.832939	20.3387	13.5307	20.1017	13.9878	-0.928043	4.72374
1477010448500000	20.0965	14.2706	4.85528	1.81384	0.570202	lidar	0.263416	20.1216	14.337	20.0521	14.2233	-1.0549	4.69521
1477010448550000	20.0243	14.5005	4.8522	1.84415	0.567921	radar	1.4009	19.6717	14.4038	19.9962	14.4573	-1.18121	4.66331
1477010448600000	19.9193	14.7455	4.87307	1.88587	0.581316	lidar	1.122	19.781	14.773	19.934	14.6897	-1.30687	4.62805
1477010448650000	19.8522	14.9672	4.8604	1.89948	0.543765	radar	3.47012	20.1149	14.0165	19.8655	14.9202	-1.43177	4.58944
1477010448700000	19.8199	15.1898	4.84111	1.90848	0.524857	lidar	2.24094	20.0208	15.2053	19.7908	15.1486	-1.55581	4.54751
1477010448750000	19.684	15.3995	4.8397	1.99562	0.666388	radar	7.53658	20.0157	15.3443	19.7099	15.3749	-1.67887	4.50226
1477010448800000	19.6479	15.5983	4.79767	2.00586	0.643748	lidar	4.0447	19.9131	15.554	19.6229	15.5989	-1.80085	4.45372
1477010448850000	19.5518	15.8088	4.7886	2.03003	0.625346	radar	1.51121	19.9388	15.0864	19.5298	15.8203	-1.92164	4.40193
1477010448900000	19.4489	16.0188	4.78333	2.05924	0.62347	lidar	0.0420873	19.4748	16.0098	19.4307	16.039	-2.04114	4.3469
1477010448950000	19.3464	16.231	4.77875	2.06967	0.571432	radar	2.00067	19.1556	16.0022	19.3257	16.2549	-2.15925	4.28868
1477010449000000	19.2347	16.4114	4.7486	2.1003	0.576284	lidar	1.03817	19.238	16.2719	19.2148	16.4679	-2.27586	4.22731
1477010449050000	19.1138	16.6115	4.74502	2.12978	0.57897	radar	0.32233	19.4007	16.2962	19.0981	16.6777	-2.39087	4.16284
1477010449100000	18.9879	16.8149	4.74789	2.15706	0.576862	lidar	0.0417351	19.0029	16.8387	18.9757	16.8841	-2.50418	4.0953
1477010449150000	18.8305	17.0044	4.7586	2.22186	0.666419	radar	6.11674	18.8373	17.7112	18.8477	17.0872	-2.61571	4.02476
1477010449200000	18.6667	17.224	4.79892	2.25463	0.662537	lidar	1.51605	18.6148	17.3832	18.7142	17.2866	-2.72534	3.95127
1477010449250000	18.5628	17.4345	4.78648	2.22844	0.527466	radar	6.33358	18.8177	17.0316	18.5752	17.4822	-2.83299	3.87489
1477010449300000	18.3573	17.6158	4.81326	2.27426	0.546994	lidar	3.72791	18.1023	17.5529	18.4309	17.674	-2.93858	3.79568
1477010449350000	18.2201	17.8093	4.80754	2.27275	0.478279	radar	2.13988	18.2749	17.4877	18.2814	17.8617	-3.042	3.71372
1477010449400000	18.0889	17.9976	4.79774	2.28709	0.468365	lidar	0.903709	18.2094	18.0461	18.1268	18.0453	-3.14318	3.62906
1477010449450000	17.9108	18.1525	4.79064	2.33556	0.523001	radar	2.22619	18.3021	17.498	17.9671	18.2246	-3.24204	3.5418
1477010449500000	17.7737	18.303	4.75279	2.35707	0.520364	lidar	1.29888	17.9018	18.2183	17.8026	18.3994	-3.3385	3.45199
1477010449550000	17.637	18.4876	4.7453	2.36292	0.487617	radar	6.61063	18.8558	18.1364	17.6334	18.5697	-3.43247	3.35973
1477010449600000	17.4505	18.6619	4.76467	2.38941	0.488739	lidar	0.336242	17.3845	18.7039	17.4595	18.7353	-3.5239	3.26509
1477010449650000	17.2667	18.8044	4.75689	2.42795	0.518716	radar	1.8992	17.7945	18.0801	17.281	18.8962	-3.61271	3.16817
1477010449700000	17.1026	18.9443	4.73304	2.45242	0.518533	lidar	0.48188	17.1762	18.8863	17.0983	19.0521	-3.69883	3.06904
1477010449750000	16.935	19.1147	4.73749	2.46333	0.493123	radar	2.92769	16.9398	19.7311	16.9113	19.203	-3.78221	2.9678
1477010449800000	16.7203	19.2281	4.7331	2.50448	0.511833	lidar	2.78123	16.5734	19.052	16.7201	19.3488	-3.86278	2.86455
1477010449850000	16.5313	19.3795	4.7424	2.52979	0.518811	radar	3.18771	16.1674	20.2201	16.5251	19.4894	-3.9405	2.75938
1477010449900000	16.3158	19.5323	4.7727	2.5552	0.516357	lidar	0.762546	16.2338	19.6171	16.3262	19.6246	-4.01531	2.65237
1477010449950000	16.0906	19.6161	4.7623	2.61018	0.567725	radar	10.1408	16.4366	18.2742	16.1237	19.7545	-4.08716	2.54364
1477010450000000	15.889	19.7566	4.77444	2.63051	0.557957	lidar	0.752936	15.9243	19.8703	15.9176	19.8789	-4.15602	2.43329
1477010450050000	15.6978	19.8845	4.76126	2.63073	0.491845	radar	3.17089	16.2328	19.2166	15.7082	19.9978	-4.22185	2.32141
1477010450100000	15.4763	20.0312	4.79458	2.64773	0.48118	lidar	1.36154	15.4332	20.1836	15.4956	20.111	-4.28461	2.2081
1477010450150000	15.2692	20.1698	4.80713	2.65838	0.45887	radar	5.65519	14.3677	21.3406	15.2799	20.2185	-4.34427	2.09347
1477010450200000	15.0785	20.3045	4.80295	2.66838	0.444669	lidar	1.75172	15.2016	20.4385	15.0613	20.3203	-4.4008	1.97763
1477010450250000	14.8488	20.3853	4.8023	2.70938	0.479271	radar	2.23841	14.7476	19.9571	14.84	20.4162	-4.4542	1.86068
1477010450300000	14.6342	20.5045	4.81126	2.72549	0.470046	lidar	0.635048	14.6665	20.6088	14.6161	20.5063	-4.50443	1.74272
1477010450350000	14.4012	20.5883	4.82004	2.76546	0.50809	radar	1.37135	13.841	21.0031	14.3897	20.5904	-4.55149	1.62386
1477010450400000	14.1558	20.6617	4.83218	2.79855	0.516017	lidar	0.822518	14.0521	20.5924	14.1611	20.6686	-4.59537	1.50421
1477010450450000	13.9218	20.7309	4.83602	2.83639	0.54448	radar	0.35893	13.8232	20.859	13.9304	20.7408	-4.63606	1.38386
1477010450500000	13.6531	20.7911	4.86712	2.87266	0.552824	lidar	2.03666	13.4686	20.7253	13.6977	20.807	-4.67357	1.26294
1477010450550000	13.4084	20.8195	4.86834	2.93071	0.619833	radar	2.123	13.8263	20.4261	13.4632	20.8671	-4.70789	1.14153
1477010450600000	13.1597	20.8613	4.87582	2.96498	0.623019	lidar	0.19874	13.1072	20.8294	13.2271	20.9211	-4.73904	1.01975
1477010450650000	12.93	20.9199	4.87166	2.98438	0.603774	radar	1.79345	13.2669	21.1579	12.9895	20.969	-4.76702	0.897694
1477010450700000	12.7186	20.9693	4.84795	3.00596	0.595749	lidar	1.6799	12.8729	21.0592	12.7506	21.0108	-4.79186	0.775469
1477010450750000	12.4713	21.008	4.85913	3.03348	0.593705	radar	2.6522	11.5171	21.6724	12.5106	21.0465	-4.81358	0.653175
1477010450800000	12.2236	21.0457	4.87064	3.05794	0.586908	lidar	0.244941	12.2062	21.11	12.2695	21.0761	-4.83219	0.530912
1477010450850000	11.9863	21.0652	4.86787	3.08902	0.595074	radar	0.879289	12.3859	21.1066	12.0276	21.0996	-4.84773	0.408778
1477010450900000	11.7381	21.0376	4.86219	3.1333	0.612087	lidar	1.76051	11.6814	20.8651	11.785	21.117	-4.86022	0.286869
1477010450950000	11.4925	21.0241	4.86126	3.16789	0.615172	radar	1.04957	11.5265	20.6748	11.5418	21.1283	-4.86971	0.165281
1477010451000000	11.268	21.0208	4.84367	3.19538	0.612705	lidar	0.594708	11.363	21.0688	11.2982	21.1335	-4.87623	0.0441057
1477010451050000	11.0165	20.9815	4.84927	3.2346	0.620965	radar	4.11097	10.5558	20.5567	11.0544	21.1327	-4.87982	-0.076565
1477010451100000	10.7968	20.9462	4.82502	3.26916	0.626843	lidar	0.500223	10.8903	20.927	10.8105	21.1259	-4.88053	-0.196643
1477010451150000	10.5473	20.9486	4.8262	3.26603	0.550441	radar	5.77538	9.30535	21.3896	10.5666	21.1131	-4.8784	-0.31604
1477010451200000	10.2764	20.9749	4.86767	3.26865	0.518148	lidar	3.51786	10.189	21.209	10.3229	21.0943	-4.87349	-0.434674
1477010451250000	10.0369	20.9568	4.86675	3.28681	0.506749	radar	1.00014	9.97958	21.2932	10.0795	21.0697	-4.86585	-0.552463
1477010451300000	9.83045	20.9223	4.8306	3.31183	0.508643	lidar	1.62717	9.99634	20.9797	9.83658	21.0391	-4.85554	-0.669327
1477010451350000	9.58973	20.9178	4.82201	3.30269	0.435465	radar	2.06438	9.38223	21.111	9.59422	21.0028	-4.84262	-0.785189
1477010451400000	9.38657	20.869	4.78483	3.32929	0.443103	lidar	1.26712	9.53921	20.8762	9.35258	20.9607	-4.82714	-0.899977
1477010451450000	9.15945	20.8287	4.77904	3.35171	0.448571	radar	1.54671	9.63392	20.9724	9.11177	20.9128	-4.80919	-1.01362
1477010451500000	8.88331	20.7942	4.82555	3.36416	0.434764	lidar	1.84249	8.70331	20.8221	8.87192	20.8594	-4.78881	-1.12605
1477010451550000	8.66307	20.7149	4.81407	3.40078	0.460315	radar	4.61028	9.84634	20.009	8.63315	20.8003	-4.76608	-1.2372
1477010451600000	8.39936	20.6288	4.84996	3.43016	0.466157	lidar	2.71126	8.22277	20.4839	8.39557	20.7358	-4.74108	-1.34701
1477010451650000	8.17063	20.5478	4.85146	3.46215	0.484527	radar	0.160551	8.29647	20.4978	8.1593	20.6657	-4.71387	-1.45542
1477010451700000	7.93179	20.4677	4.86208	3.4858	0.483365	lidar	0.127898	7.88599	20.45	7.92445	20.5903	-4.68453	-1.56237
1477010451750000	7.71552	20.3802	4.85947	3.52343	0.519097	radar	3.56492	8.29081	20.6565	7.69111	20.5096	-4.65313	-1.66781
1477010451800000	7.42588	20.3208	4.92424	3.52784	0.490435	lidar	3.7288	7.18029	20.392	7.45939	20.4237	-4.61975	-1.7717
1477010451850000	7.19715	20.2228	4.92559	3.55159	0.486744	radar	0.223006	7.09214	20.1196	7.22939	20.3326	-4.58448	-1.87399
1477010451900000	6.93827	20.1415	4.95812	3.56336	0.470202	lidar	0.984771	6.81542	20.1859	7.00119	20.2364	-4.54738	-1.97462
1477010451950000	6.71428	20.0489	4.95225	3.57953	0.456662	radar	0.383034	6.89359	20.1536	6.7749	20.1352	-4.50854	-2.07357
1477010452000000	6.46702	19.9598	4.97339	3.59133	0.442526	lidar	0.526658	6.38914	20.0137	6.55059	20.0292	-4.46805	-2.17079
1477010452050000	6.25044	19.8651	4.96424	3.60968	0.440995	radar	2.69917	6.67637	20.2142	6.32834	19.9183	-4.42598	-2.26625
1477010452100000	5.99129	19.774	4.99824	3.61607	0.420864	lidar	1.17896	5.86119	19.8306	6.10823	19.8027	-4.38241	-2.35993
1477010452150000	5.77296	19.6246	5.0168	3.66339	0.474387	radar	2.26566	5.28178	19.5036	5.89034	19.6824	-4.33744	-2.45178
1477010452200000	5.58121	19.5041	4.98994	3.68896	0.477716	lidar	0.900163	5.69089	19.5755	5.67472	19.5577	-4.29114	-2.5418
1477010452250000	5.38215	19.3534	4.98654	3.72499	0.497232	radar	1.6859	5.9506	18.9859	5.46145	19.4284	-4.24359	-2.62995
1477010452300000	5.16255	19.2536	4.98533	3.73216	0.476066	lidar	1.8667	5.17021	19.4397	5.25059	19.2948	-4.19488	-2.71622
1477010452350000	4.96286	19.1427	4.95816	3.73607	0.436033	radar	4.47485	5.87397	19.301	5.04219	19.157	-4.1451	-2.80059
1477010452400000	4.78947	18.9911	4.9326	3.76864	0.450277	lidar	0.607848	4.89149	18.982	4.8363	19.015	-4.09432	-2.88305
1477010452450000	4.58567	18.8404	4.94657	3.7974	0.467974	radar	1.48275	3.98679	19.0452	4.63297	18.8689	-4.04263	-2.96359
1477010452500000	4.40075	18.7083	4.92833	3.81545	0.462281	lidar	1.04926	4.4685	18.834	4.43224	18.7188	-3.99012	-3.0422
1477010452550000	4.21044	18.5676	4.91051	3.82356	0.428127	radar	1.40282	4.69245	18.4634	4.23416	18.5648	-3.93685	-3.11888
1477010452600000	4.07344	18.4091	4.86242	3.85924	0.447956	lidar	2.25034	4.26269	18.481	4.03876	18.4071	-3.88293	-3.19362
1477010452650000	3.89912	18.2345	4.88633	3.90868	0.515147	radar	6.91611	3.42434	18.8357	3.84606	18.2457	-3.82841	-3.26644
1477010452700000	3.65621	18.0957	4.93262	3.90313	0.473986	lidar	2.66227	3.45919	18.167	3.65611	18.0807	-3.77339	-3.33732
1477010452750000	3.48402	17.9453	4.90346	3.90919	0.43447	radar	3.40639	4.3011	17.9267	3.46891	17.9122	-3.71795	-3.40627
1477010452800000	3.26604	17.7803	4.93856	3.91536	0.413369	lidar	1.18703	3.12525	17.7493	3.28449	17.7402	-3.66215	-3.47331
1477010452850000	3.09487	17.5955	4.95634	3.95341	0.45524	radar	2.46524	2.65664	17.888	3.10287	17.565	-3.60609	-3.53844
1477010452900000	2.90783	17.4784	4.93378	3.94883	0.422313	lidar	6.04117	2.9449	17.8154	2.92405	17.3866	-3.54982	-3.60167
1477010452950000	2.77451	17.2598	4.94683	4.01044	0.499185	radar	3.18417	3.26647	17.0897	2.74805	17.2051	-3.49344	-3.66302
1477010453000000	2.60034	17.0755	4.95727	4.02781	0.489301	lidar	0.13711	2.55407	17.0853	2.57486	17.0205	-3.437	-3.72251
1477010453050000	2.43005	16.9091	4.9324	4.02335	0.42956	radar	2.07571	2.55039	16.8884	2.4045	16.833	-3.38059	-3.78014
1477010453100000	2.26312	16.737	4.92926	4.03441	0.41661	lidar	0.506766	2.25371	16.8334	2.23695	16.6427	-3.32428	-3.83595
1477010453150000	2.08797	16.543	4.93554	4.03779	0.378574	radar	5.04283	1.57735	16.0489	2.07221	16.4497	-3.26812	-3.88995
1477010453200000	1.93734	16.3137	4.95915	4.06804	0.391836	lidar	2.354	1.88972	16.1054	1.91027	16.254	-3.21219	-3.94216
1477010453250000	1.77327	16.1378	4.94323	4.06483	0.348322	radar	1.01172	1.74362	16.2687	1.75112	16.0557	-3.15656	-3.99261
1477010453300000	1.56965	15.9721	4.96304	4.05182	0.309146	lidar	1.70247	1.44745	16.0853	1.59474	15.8549	-3.10129	-4.04132
1477010453350000	1.45207	15.7396	4.98164	4.10467	0.379242	radar	2.2355	1.6097	15.5526	1.44111	15.6517	-3.04644	-4.08832
1477010453400000	1.2827	15.5248	5.0105	4.11533	0.367856	lidar	1.01486	1.18395	15.4284	1.29021	15.4463	-2.99207	-4.13364
1477010453450000	1.1262	15.332	5.00815	4.1198	0.345699	radar	0.921303	0.828993	15.528	1.14201	15.2386	-2.93825	-4.1773
1477010453500000	0.920948	15.1195	5.06005	4.11228	0.312703	lidar	2.9169	0.722706	15.0075	0.996486	15.0288	-2.88503	-4.21933
1477010453550000	0.767654	14.9373	5.03576	4.1061	0.270305	radar	2.0823	1.03147	15.2134	0.853604	14.8169	-2.83246	-4.25977
1477010453600000	0.657745	14.7207	5.01998	4.13438	0.289264	lidar	0.412224	0.737301	14.7047	0.71333	14.603	-2.78061	-4.29864
1477010453650000	0.553432	14.4788	5.03647	4.18048	0.347001	radar	1.95462	0.722177	14.2445	0.575628	14.3872	-2.72952	-4.33598
1477010453700000	0.381992	14.2604	5.06875	4.18005	0.323732	lidar	1.14473	0.253435	14.2029	0.440459	14.1696	-2.67925	-4.37181
1477010453750000	0.276476	14.0097	5.10391	4.23075	0.395768	radar	3.61732	-0.0328023	13.9604	0.307779	13.9502	-2.62984	-4.40617
1477010453800000	0.248661	13.7563	5.06675	4.29237	0.449841	lidar	3.09863	0.459172	13.6856	0.177545	13.7292	-2.58135	-4.43909
1477010453850000	0.154973	13.5147	5.08446	4.32791	0.47907	radar	1.11749	0.0524412	13.6377	0.0497099	13.5065	-2.53381	-4.47061
1477010453900000	-0.0115976	13.2894	5.12055	4.31763	0.433017	lidar	2.00772	-0.190344	13.2856	-0.0757753	13.2823	-2.48728	-4.50075
1477010453950000	-0.130289	13.0699	5.10599	4.31815	0.394081	radar	0.961348	-0.275043	13.1456	-0.198962	13.0566	-2.44179	-4.52955
1477010454000000	-0.147806	12.8367	5.05867	4.37197	0.441146	lidar	2.74753	0.0462308	12.9301	-0.319903	12.8295	-2.39739	-4.55704
1477010454050000	-0.271567	12.6114	5.04868	4.36184	0.382194	radar	3.76556	-0.684792	12.3563	-0.438654	12.6011	-2.35412	-4.58326
1477010454100000	-0.392711	12.3767	5.0654	4.36343	0.358165	lidar	0.455253	-0.476482	12.3633	-0.555273	12.3714	-2.31202	-4.60823
1477010454150000	-0.525255	12.1674	5.05137	4.34683	0.302501	radar	3.78978	-0.972122	12.5207	-0.669818	12.1404	-2.27111	-4.63198
1477010454200000	-0.607514	11.9448	5.03597	4.36241	0.303767	lidar	0.481741	-0.582624	12.0386	-0.78235	11.9083	-2.23144	-4.65456
1477010454250000	-0.73943	11.7179	5.04241	4.34911	0.25902	radar	2.73549	-1.26757	11.6495	-0.892931	11.6751	-2.19304	-4.67598
1477010454300000	-0.931222	11.4811	5.09315	4.3137	0.193892	lidar	3.99585	-1.17212	11.3988	-1.00163	11.4409	-2.15594	-4.69628
1477010454350000	-1.04743	11.2535	5.07828	4.30072	0.145028	radar	2.6365	-0.891441	10.959	-1.1085	11.2057	-2.12017	-4.71549
1477010454400000	-1.22141	11.0302	5.10562	4.27302	0.0996514	lidar	1.87742	-1.39289	11.0424	-1.21362	10.9695	-2.08575	-4.73364
1477010454450000	-1.29292	10.7833	5.11836	4.31162	0.164839	radar	1.72009	-1.29894	10.9012	-1.31706	10.7324	-2.05273	-4.75075
1477010454500000	-1.41857	10.5328	5.14574	4.31062	0.153028	lidar	1.0077	-1.49687	10.4198	-1.41889	10.4945	-2.02111	-4.76686
1477010454550000	-1.49653	10.2718	5.17001	4.34303	0.20169	radar	1.87265	-1.59293	10.0212	-1.51917	10.2559	-1.99093	-4.78198
1477010454600000	-1.60064	10.0588	5.15002	4.34323	0.189564	lidar	1.66455	-1.61875	10.2374	-1.61797	10.0165	-1.96221	-4.79615
1477010454650000	-1.692	9.82696	5.13868	4.34869	0.180107	radar	0.393164	-1.59702	9.96554	-1.71539	9.77637	-1.93498	-4.80939
1477010454700000	-1.77112	9.60292	5.11788	4.35999	0.183265	lidar	0.702789	-1.73381	9.71347	-1.81147	9.53564	-1.90924	-4.82172
1477010454750000	-1.87301	9.35408	5.14373	4.37275	0.201623	radar	2.63908	-2.27191	9.37316	-1.90631	9.29431	-1.88502	-4.83316
1477010454800000	-1.94821	9.06592	5.18205	4.39379	0.214945	lidar	4.49183	-1.93833	8.77028	-1.99998	9.05243	-1.86233	-4.84374
1477010454850000	-2.03954	8.83997	5.15961	4.38871	0.182625	radar	1.6105	-1.96565	9.13274	-2.09256	8.81003	-1.8412	-4.85347
1477010454900000	-2.13468	8.58869	5.17304	4.39246	0.175457	lidar	0.220369	-2.1768	8.5411	-2.18412	8.56717	-1.82164	-4.86238
1477010454950000	-2.25813	8.33875	5.19836	4.38227	0.150291	radar	2.96997	-2.65862	8.19477	-2.27474	8.32388	-1.80365	-4.87047
1477010455000000	-2.3105	8.10009	5.17624	4.40253	0.166961	lidar	0.643448	-2.21875	8.15339	-2.3645	8.0802	-1.78726	-4.87778
1477010455050000	-2.38145	7.8815	5.14255	4.40689	0.15709	radar	5.33125	-2.273	8.52315	-2.45348	7.83617	-1.77248	-4.8843
1477010455100000	-2.49199	7.63244	5.16295	4.40011	0.138166	lidar	0.690808	-2.59674	7.60288	-2.54177	7.59184	-1.75931	-4.89006
1477010455150000	-2.65789	7.40044	5.17687	4.35052	0.0401998	radar	5.4282	-3.08256	7.38874	-2.62944	7.34723	-1.74777	-4.89507
1477010455200000	-2.76063	7.1461	5.19462	4.3492	0.0358682	lidar	0.428553	-2.79865	7.064	-2.71658	7.10238	-1.73786	-4.89933
1477010455250000	-2.822	6.90807	5.18172	4.3728	0.0783105	radar	1.69584	-2.79412	7.20818	-2.80326	6.85734	-1.72958	-4.90286
1477010455300000	-2.87259	6.69117	5.13715	4.38783	0.0917438	lidar	2.51923	-2.74651	6.86867	-2.88957	6.61214	-1.72295	-4.90566
1477010455350000	-2.94718	6.46236	5.10728	4.37773	0.0473159	radar	4.19665	-2.57673	6.36755	-2.97559	6.36681	-1.71797	-4.90774
1477010455400000	-3.00377	6.22234	5.09238	4.3911	0.0606536	lidar	0.583401	-2.90217	6.22989	-3.0614	6.12139	-1.71464	-4.90911
1477010455450000	-3.11664	5.97799	5.11475	4.38439	0.0548343	radar	3.06825	-3.50172	6.10796	-3.14709	5.87592	-1.71297	-4.90976
1477010455500000	-3.19431	5.70804	5.14033	4.39246	0.0613704	lidar	1.62824	-3.1778	5.53101	-3.23274	5.63043	-1.71295	-4.9097
1477010455550000	-3.30325	5.46211	5.1484	4.36986	0.00573566	radar	2.04329	-3.19736	5.19093	-3.31843	5.38496	-1.71458	-4.90893
1477010455600000	-3.39709	5.20417	5.16815	4.36916	0.00468038	lidar	0.565643	-3.43031	5.10507	-3.40424	5.13955	-1.71787	-4.90745
1477010455650000	-3.46331	4.95673	5.16566	4.3863	0.039048	radar	0.352101	-3.4281	4.94644	-3.49026	4.89422	-1.72281	-4.90525
1477010455700000	-3.57129	4.68637	5.20579	4.38174	0.0319917	lidar	2.2026	-3.69435	4.52196	-3.57657	4.64902	-1.72939	-4.90233
1477010455750000	-3.67919	4.43632	5.21599	4.35985	-0.0220794	radar	2.12402	-3.50501	4.17643	-3.66325	4.40398	-1.73763	-4.89868
1477010455800000	-3.8071	4.17304	5.25623	4.34721	-0.034439	lidar	2.83588	-4.00238	4.04684	-3.75039	4.15913	-1.74749	-4.8943
1477010455850000	-3.88837	3.93033	5.25006	4.36089	0.00335562	radar	1.20152	-4.06447	4.10977	-3.83806	3.91452	-1.75899	-4.88918
1477010455900000	-3.96405	3.69259	5.23286	4.36498	0.00710741	lidar	0.542433	-3.88053	3.75177	-3.92635	3.67019	-1.77212	-4.8833
1477010455950000	-4.06996	3.48105	5.20269	4.34328	-0.0399885	radar	3.89794	-4.23729	3.88878	-4.01533	3.42616	-1.78686	-4.87666
1477010456000000	-4.16183	3.23585	5.20452	4.34243	-0.0386295	lidar	0.0197156	-4.15119	3.21968	-4.10509	3.18248	-1.8032	-4.86925
1477010456050000	-4.27503	2.98556	5.22246	4.32684	-0.0693229	radar	0.705843	-4.27467	2.88187	-4.19571	2.93919	-1.82113	-4.86104
1477010456100000	-4.36302	2.71571	5.24724	4.33133	-0.0590971	lidar	1.50694	-4.32451	2.55034	-4.28727	2.69633	-1.84065	-4.85202
1477010456150000	-4.44986	2.46523	5.24935	4.33872	-0.036609	radar	0.261281	-4.38481	2.39989	-4.37985	2.45393	-1.86173	-4.84218
1477010456200000	-4.55237	2.20435	5.27181	4.33778	-0.0341187	lidar	0.822284	-4.61223	2.09192	-4.47352	2.21205	-1.88436	-4.83149
1477010456250000	-4.66352	1.97271	5.26496	4.30845	-0.105932	radar	3.75913	-4.29257	1.92854	-4.56836	1.97072	-1.90853	-4.81994
1477010456300000	-4.77665	1.70596	5.29866	4.30518	-0.101097	lidar	1.90965	-4.86829	1.53442	-4.66444	1.72998	-1.93422	-4.80751
1477010456350000	-4.89977	1.46064	5.31271	4.28606	-0.134083	radar	0.553806	-4.98165	1.43611	-4.76186	1.48989	-1.9614	-4.79417
1477010456400000	-4.96326	1.21844	5.28682	4.29342	-0.12008	lidar	4.70126	-4.66779	1.28643	-4.86066	1.25049	-1.99007	-4.7799
1477010456450000	-5.06103	0.993624	5.26097	4.29308	-0.103751	radar	1.00347	-4.98594	1.10894	-4.96095	1.01182	-2.02019	-4.76468
1477010456500000	-5.12524	0.753541	5.23689	4.30067	-0.0907172	lidar	3.99791	-4.85498	0.825661	-5.06277	0.77393	-2.05174	-4.74848
1477010456550000	-5.21527	0.469272	5.28201	4.30584	-0.0855009	radar	5.4111	-4.84736	0.18101	-5.16621	0.536876	-2.08471	-4.73127
1477010456600000	-5.29166	0.224296	5.26973	4.3107	-0.0753443	lidar	1.52043	-5.1231	0.257311	-5.27133	0.300706	-2.11906	-4.71303
1477010456650000	-5.4006	-0.0145627	5.26501	4.31739	-0.0381494	radar	10.4076	-5.99809	-0.290765	-5.3782	0.0654719	-2.15477	-4.69374
1477010456700000	-5.47239	-0.258759	5.25124	4.32488	-0.0273825	lidar	1.64253	-5.29972	-0.212982	-5.4869	-0.168772	-2.1918	-4.67335
1477010456750000	-5.59577	-0.45225	5.20738	4.30082	-0.0641804	radar	3.99345	-5.64447	-0.144522	-5.59748	-0.401971	-2.23014	-4.65185
1477010456800000	-5.73536	-0.644703	5.17197	4.27509	-0.0948071	lidar	2.96951	-5.85359	-0.445801	-5.71001	-0.634069	-2.26974	-4.62919
1477010456850000	-5.85103	-0.868914	5.17252	4.25017	-0.150125	radar	5.22122	-5.30947	-0.724468	-5.82456	-0.865006	-2.31058	-4.60536
1477010456900000	-5.94493	-1.13104	5.1973	4.258	-0.128831	lidar	1.29501	-5.87835	-1.26863	-5.94118	-1.09472	-2.35262	-4.58032
1477010456950000	-6.03146	-1.39423	5.21795	4.26895	-0.104823	radar	2.76564	-5.68069	-1.52871	-6.05993	-1.32316	-2.39581	-4.55404
1477010457000000	-6.17135	-1.60355	5.20197	4.24756	-0.127016	lidar	1.08207	-6.27263	-1.50938	-6.18087	-1.55025	-2.44014	-4.52648
1477010457050000	-6.31706	-1.82877	5.22448	4.20832	-0.20797	radar	3.88119	-6.11355	-1.75966	-6.30406	-1.77593	-2.48555	-4.49762
1477010457100000	-6.42203	-2.07558	5.23486	4.2108	-0.190179	lidar	0.597884	-6.34007	-2.13685	-6.42954	-2.00014	-2.532	-4.46742
1477010457150000	-6.57491	-2.27982	5.21778	4.18812	-0.203731	radar	2.93794	-6.99344	-2.17445	-6.55738	-2.22281	-2.57946	-4.43585
1477010457200000	-6.72522	-2.48955	5.21028	4.16698	-0.218977	lidar	0.374601	-6.79288	-2.4458	-6.68761	-2.44386	-2.62788	-4.40288
1477010457250000	-6.88246	-2.69919	5.20945	4.1433	-0.239411	radar	0.990779	-7.14408	-2.67584	-6.82029	-2.66323	-2.6772	-4.36847
1477010457300000	-6.97155	-2.96517	5.23381	4.16426	-0.193056	lidar	2.80752	-6.8003	-3.10086	-6.95546	-2.88084	-2.7274	-4.3326
1477010457350000	-7.10024	-3.19057	5.22666	4.16344	-0.172755	radar	0.278982	-7.13937	-3.22028	-7.09316	-3.09663	-2.7784	-4.29523
1477010457400000	-7.22524	-3.39197	5.19949	4.15268	-0.176764	lidar	1.37864	-7.12118	-3.26434	-7.23344	-3.3105	-2.83017	-4.25632
1477010457450000	-7.37039	-3.63428	5.22475	4.1495	-0.166627	radar	4.47547	-7.77186	-4.08999	-7.37632	-3.5224	-2.88265	-4.21586
1477010457500000	-7.53276	-3.78364	5.16512	4.11095	-0.210328	lidar	4.77019	-7.49009	-3.49081	-7.52184	-3.73223	-2.93579	-4.1738
1477010457550000	-7.67798	-3.99166	5.16326	4.09802	-0.216829	radar	0.457686	-7.52393	-3.88213	-7.67004	-3.93992	-2.98953	-4.13012
1477010457600000	-7.83075	-4.2173	5.18016	4.09109	-0.210895	lidar	0.46142	-7.88049	-4.29783	-7.82094	-4.14538	-3.04381	-4.08479
1477010457650000	-7.98142	-4.43433	5.18494	4.08443	-0.203482	radar	0.391287	-8.08524	-4.57834	-7.97457	-4.34854	-3.09857	-4.03778
1477010457700000	-8.1401	-4.66866	5.21213	4.0805	-0.194077	lidar	1.23318	-8.22492	-4.79812	-8.13095	-4.5493	-3.15376	-3.98906
1477010457750000	-8.27697	-4.88135	5.18494	4.08982	-0.149837	radar	2.57608	-8.453	-4.95621	-8.2901	-4.74759	-3.2093	-3.93862
1477010457800000	-8.4078	-5.10256	5.18426	4.09388	-0.133798	lidar	0.301275	-8.33552	-5.1059	-8.45204	-4.94331	-3.26514	-3.88641
1477010457850000	-8.55243	-5.28343	5.13708	4.08884	-0.117932	radar	4.2842	-8.55062	-4.79248	-8.61678	-5.13637	-3.32121	-3.83242
1477010457900000	-8.74572	-5.47752	5.14816	4.06222	-0.146469	lidar	1.64006	-8.91477	-5.51752	-8.78433	-5.32669	-3.37745	-3.77663
1477010457950000	-8.90234	-5.67946	5.14	4.05715	-0.138594	radar	0.412098	-9.04115	-5.69364	-8.95469	-5.51417	-3.43377	-3.71901
1477010458000000	-9.06145	-5.86663	5.12713	4.04425	-0.147014	lidar	0.257682	-9.03391	-5.80267	-9.12788	-5.69872	-3.49012	-3.65955
1477010458050000	-9.19703	-6.03978	5.07195	4.0446	-0.125046	radar	7.01812	-8.86897	-5.41973	-9.30388	-5.88026	-3.54643	-3.59823
1477010458100000	-9.38546	-6.14644	5.00931	3.99601	-0.184261	lidar	6.10348	-9.30811	-5.82368	-9.4827	-6.05868	-3.60261	-3.53503
1477010458150000	-9.55796	-6.33262	5.0069	3.98525	-0.183456	radar	0.882087	-9.80646	-6.41174	-9.66432	-6.23389	-3.6586	-3.46994
1477010458200000	-9.69861	-6.53855	5.00835	3.99296	-0.160156	lidar	0.361405	-9.62547	-6.55958	-9.84874	-6.4058	-3.71431	-3.40295
1477010458250000	-9.92256	-6.69271	5.02621	3.9472	-0.217811	radar	6.68612	-10.6688	-6.35543	-10.0359	-6.57431	-3.76969	-3.33404
1477010458300000	-10.1296	-6.84973	5.0271	3.9159	-0.24583	lidar	0.56445	-10.2246	-6.83402	-10.2259	-6.73933	-3.82463	-3.26321
1477010458350000	-10.3144	-7.01114	5.02471	3.89594	-0.258589	radar	1.0999	-10.2205	-6.71044	-10.4186	-6.90075	-3.87907	-3.19046
1477010458400000	-10.5446	-7.18052	5.05397	3.8654	-0.28188	lidar	3.08396	-10.7616	-7.29159	-10.614	-7.05849	-3.93293	-3.11577
1477010458450000	-10.7524	-7.31984	5.04904	3.83402	-0.307087	radar	1.96144	-10.8944	-6.83335	-10.8121	-7.21245	-3.98613	-3.03916
1477010458500000	-10.9976	-7.47188	5.07811	3.79781	-0.334593	lidar	3.12993	-11.2219	-7.56979	-11.0128	-7.36252	-4.03859	-2.96062
1477010458550000	-11.1894	-7.61252	5.05379	3.78044	-0.335144	radar	1.37012	-10.986	-7.3707	-11.2161	-7.50862	-4.09021	-2.88015
1477010458600000	-11.3376	-7.77305	5.02165	3.78759	-0.30383	lidar	3.60568	-11.0934	-7.6776	-11.422	-7.65064	-4.14093	-2.79777
1477010458650000	-11.5366	-7.89968	4.99855	3.76416	-0.315354	radar	2.02143	-11.4213	-7.46085	-11.6304	-7.78849	-4.19066	-2.71349
1477010458700000	-11.7206	-8.00595	4.95827	3.73919	-0.329849	lidar	3.65667	-11.5269	-7.8215	-11.8413	-7.92208	-4.23932	-2.6273
1477010458750000	-11.9209	-8.11879	4.91495	3.71419	-0.342008	radar	2.45222	-11.9422	-7.88317	-12.0546	-8.05131	-4.28682	-2.53924
1477010458800000	-12.139	-8.20766	4.89718	3.67531	-0.372587	lidar	0.939893	-12.09	-8.08828	-12.2702	-8.17609	-4.33309	-2.44932
1477010458850000	-12.3626	-8.33014	4.92786	3.65441	-0.37314	radar	2.25366	-12.4462	-8.02117	-12.4881	-8.29633	-4.37802	-2.35756
1477010458900000	-12.568	-8.41082	4.8977	3.62175	-0.393786	lidar	2.26275	-12.4231	-8.2599	-12.7082	-8.41193	-4.42156	-2.26399
1477010458950000	-12.7833	-8.49101	4.86024	3.58621	-0.420158	radar	2.12519	-12.7461	-8.19449	-12.9304	-8.5228	-4.4636	-2.16863
1477010459000000	-13.0542	-8.57658	4.89615	3.54331	-0.447616	lidar	3.19553	-13.2911	-8.64594	-13.1547	-8.62886	-4.50407	-2.07151
1477010459050000	-13.3001	-8.6716	4.9259	3.51922	-0.444857	radar	2.45947	-13.7929	-8.47158	-13.381	-8.73002	-4.54289	-1.97267
1477010459100000	-13.5217	-8.71873	4.90008	3.47945	-0.470193	lidar	2.05764	-13.384	-8.57583	-13.6092	-8.82619	-4.57997	-1.87214
1477010459150000	-13.7515	-8.74744	4.85808	3.42554	-0.522373	radar	3.89454	-13.6376	-8.26344	-13.8392	-8.91729	-4.61524	-1.76997
1477010459200000	-13.9687	-8.8675	4.86403	3.43014	-0.480849	lidar	1.01665	-13.9959	-8.99264	-14.0709	-9.00324	-4.64861	-1.6662
1477010459250000	-14.2121	-8.96042	4.90377	3.42606	-0.44005	radar	2.80439	-14.4737	-8.79552	-14.3043	-9.08395	-4.68001	-1.56086
1477010459300000	-14.4286	-9.07915	4.90244	3.43397	-0.400426	lidar	0.776973	-14.4273	-9.1875	-14.5391	-9.15936	-4.70936	-1.45402
1477010459350000	-14.6599	-9.14763	4.89422	3.41298	-0.40473	radar	0.266386	-14.5757	-9.32634	-14.7754	-9.22939	-4.73658	-1.34573
1477010459400000	-14.9396	-9.14206	4.91846	3.35052	-0.459046	lidar	1.63096	-15.062	-9.04396	-15.013	-9.29397	-4.76161	-1.23603
1477010459450000	-15.1933	-9.21738	4.9411	3.34069	-0.437915	radar	4.49801	-15.6189	-9.69365	-15.2517	-9.35302	-4.78436	-1.125
1477010459500000	-15.4477	-9.34063	4.97061	3.35562	-0.38738	lidar	5.34817	-15.6682	-9.56749	-15.4916	-9.40649	-4.80476	-1.01269
1477010459550000	-15.6949	-9.36575	4.9544	3.31483	-0.428022	radar	1.92228	-15.9382	-9.35751	-15.7324	-9.45431	-4.82275	-0.899159
1477010459600000	-15.9468	-9.45573	4.97152	3.31751	-0.395198	lidar	2.13267	-16.0862	-9.59819	-15.9741	-9.49642	-4.83827	-0.784484
1477010459650000	-16.2007	-9.46033	4.96618	3.27286	-0.435921	radar	2.27562	-16.6033	-8.85459	-16.2164	-9.53277	-4.85124	-0.668734
1477010459700000	-16.4523	-9.45295	4.96683	3.23179	-0.461136	lidar	0.470905	-16.4229	-9.37029	-16.4594	-9.5633	-4.8616	-0.55198
1477010459750000	-16.6787	-9.4447	4.93553	3.19154	-0.493518	radar	5.2093	-16.011	-9.33486	-16.7027	-9.58797	-4.8693	-0.434301
1477010459800000	-16.9553	-9.43311	4.9655	3.15381	-0.50821	lidar	1.32434	-17.1132	-9.43043	-16.9464	-9.60673	-4.87427	-0.315773
1477010459850000	-17.2038	-9.49943	4.97663	3.16877	-0.444785	radar	7.99463	-16.9255	-10.8571	-17.1903	-9.61954	-4.87646	-0.196479
1477010459900000	-17.4615	-9.52022	4.98677	3.15427	-0.434091	lidar	0.516637	-17.5448	-9.57485	-17.4342	-9.62636	-4.87583	-0.0765024
1477010459950000	-17.7192	-9.50757	4.98993	3.1201	-0.458093	radar	1.68987	-18.1371	-9.39146	-17.6781	-9.62717	-4.87232	0.0440703
1477010460000000	-17.9731	-9.47495	4.99572	3.0851	-0.473132	lidar	0.176056	-17.9724	-9.42299	-17.9216	-9.62194	-4.86588	0.165151
1477010460050000	-18.2199	-9.43207	4.98853	3.04164	-0.509807	radar	0.66056	-18.3083	-9.18778	-18.1648	-9.61064	-4.85648	0.286648
1477010460100000	-18.4298	-9.47758	4.94343	3.05221	-0.467647	lidar	2.51583	-18.2763	-9.60997	-18.4074	-9.59325	-4.84408	0.40847
1477010460150000	-18.6674	-9.46451	4.939	3.04059	-0.443987	radar	1.69747	-18.2443	-9.58547	-18.6493	-9.56977	-4.82864	0.530522
1477010460200000	-18.9148	-9.4592	4.93874	3.0291	-0.430461	lidar	0.270791	-18.9545	-9.51544	-18.8904	-9.54017	-4.81012	0.652707
1477010460250000	-19.1466	-9.41928	4.93052	3.00721	-0.424812	radar	3.98314	-18.6983	-9.02886	-19.1305	-9.50447	-4.78851	0.774927
1477010460300000	-19.3885	-9.30017	4.94291	2.94635	-0.473934	lidar	2.92054	-19.2983	-9.09865	-19.3694	-9.46265	-4.76378	0.897083
1477010460350000	-19.624	-9.21843	4.93708	2.89921	-0.517162	radar	1.07708	-19.7037	-8.79906	-19.6069	-9.41472	-4.73591	1.01907
1477010460400000	-19.8701	-9.09822	4.95797	2.84679	-0.548732	lidar	1.14477	-19.8731	-8.96417	-19.8431	-9.36071	-4.70487	1.1408
1477010460450000	-20.1062	-8.99768	4.96598	2.81006	-0.555939	radar	4.89788	-20.3815	-7.6755	-20.0775	-9.30061	-4.67066	1.26215
1477010460500000	-20.2985	-9.11649	4.86554	2.87014	-0.457041	lidar	15.669	-20.1607	-9.59663	-20.3102	-9.23446	-4.63328	1.38303
1477010460550000	-20.5384	-9.07226	4.86695	2.86194	-0.433448	radar	1.52852	-20.4587	-9.7448	-20.5409	-9.16227	-4.59271	1.50334
1477010460600000	-20.7579	-8.97981	4.86105	2.82888	-0.447928	lidar	0.738442	-20.6596	-8.91527	-20.7696	-9.08409	-4.54895	1.62296
1477010460650000	-20.9988	-8.89667	4.87192	2.80141	-0.459096	radar	2.31879	-21.5568	-8.5005	-20.9959	-8.99994	-4.50202	1.74179
1477010460700000	-21.1983	-8.82712	4.83802	2.78161	-0.457778	lidar	1.6892	-21.0195	-8.85081	-21.2198	-8.90987	-4.45191	1.85972
1477010460750000	-21.4313	-8.73535	4.84473	2.75249	-0.473633	radar	1.81018	-21.8628	-8.64129	-21.4412	-8.81393	-4.39865	1.97666
1477010460800000	-21.6305	-8.70757	4.79422	2.75464	-0.445728	lidar	2.54536	-21.5029	-8.87191	-21.6597	-8.71217	-4.34224	2.0925
1477010460850000	-21.8245	-8.54996	4.78506	2.67876	-0.547686	radar	6.52579	-21.9514	-7.41274	-21.8754	-8.60465	-4.2827	2.20712
1477010460900000	-22.0278	-8.47688	4.7598	2.66562	-0.532139	lidar	0.669466	-21.9793	-8.57089	-22.0881	-8.49143	-4.22007	2.32043
1477010460950000	-22.2385	-8.36586	4.76362	2.6484	-0.506006	radar	1.95511	-22.1914	-7.70392	-22.2975	-8.37258	-4.15437	2.43232
1477010461000000	-22.4646	-8.27738	4.76731	2.63712	-0.488819	lidar	1.07121	-22.5838	-8.35296	-22.5035	-8.24817	-4.08564	2.5427
1477010461050000	-22.6586	-8.15223	4.75702	2.60174	-0.511949	radar	1.036	-22.3177	-8.57758	-22.7061	-8.11829	-4.01391	2.65145
1477010461100000	-22.8787	-7.9332	4.82435	2.54168	-0.548015	lidar	4.71357	-22.9861	-7.6724	-22.9049	-7.98301	-3.93923	2.75848
1477010461150000	-23.0695	-7.77944	4.82304	2.48959	-0.606629	radar	3.26565	-23.2693	-8.32031	-23.1	-7.84243	-3.86163	2.8637
1477010461200000	-23.2888	-7.61412	4.85938	2.45925	-0.603479	lidar	1.97751	-23.4777	-7.56583	-23.2911	-7.69663	-3.78118	2.967
1477010461250000	-23.4895	-7.47767	4.86287	2.45715	-0.540403	radar	1.96085	-23.473	-7.02103	-23.4781	-7.54572	-3.69792	3.06828
1477010461300000	-23.6569	-7.33067	4.84106	2.42924	-0.543438	lidar	0.747918	-23.5408	-7.36069	-23.6609	-7.3898	-3.61191	3.16746
1477010461350000	-23.8473	-7.17312	4.84819	2.41172	-0.520621	radar	0.928825	-24.0505	-6.56968	-23.8393	-7.22897	-3.52321	3.26445
1477010461400000	-24.015	-7.07	4.79796	2.40367	-0.504439	lidar	2.44812	-23.9384	-7.26171	-24.0132	-7.06336	-3.43189	3.35916
1477010461450000	-24.1815	-6.88713	4.80354	2.3641	-0.530567	radar	1.87882	-24.3577	-5.94086	-24.1825	-6.89307	-3.33801	3.45149
1477010461500000	-24.3346	-6.64862	4.84013	2.31164	-0.557423	lidar	2.98724	-24.2574	-6.4352	-24.347	-6.71823	-3.24166	3.54138
1477010461550000	-24.5017	-6.47226	4.84132	2.27801	-0.579528	radar	3.42873	-24.788	-7.18367	-24.5066	-6.53896	-3.14289	3.62873
1477010461600000	-24.6066	-6.31781	4.7795	2.24535	-0.589231	lidar	5.6404	-24.3008	-6.43799	-24.6612	-6.35538	-3.0418	3.71347
1477010461650000	-24.748	-6.1266	4.77796	2.21495	-0.588349	radar	0.316913	-24.6108	-6.00878	-24.8107	-6.16764	-2.93846	3.79553
1477010461700000	-24.9258	-5.93318	4.8051	2.19602	-0.573924	lidar	2.52912	-25.146	-5.91902	-24.955	-5.97587	-2.83295	3.87484
1477010461750000	-25.0565	-5.72886	4.80668	2.16688	-0.567678	radar	1.85579	-24.8975	-5.02285	-25.094	-5.7802	-2.72537	3.95132
1477010461800000	-25.1907	-5.55381	4.78656	2.14586	-0.561125	lidar	0.462381	-25.1941	-5.64372	-25.2276	-5.58079	-2.61581	4.02492
1477010461850000	-25.3448	-5.36836	4.7892	2.14384	-0.506982	radar	1.30832	-25.5328	-5.4399	-25.3556	-5.37777	-2.50435	4.09557
1477010461900000	-25.4859	-5.15314	4.80915	2.11973	-0.503877	lidar	0.519688	-25.5713	-5.10241	-25.4779	-5.1713	-2.39109	4.16322
1477010461950000	-25.6195	-4.97124	4.79374	2.1189	-0.450128	radar	6.30087	-25.0178	-6.55904	-25.5946	-4.96152	-2.27613	4.22781
1477010462000000	-25.7366	-4.79365	4.76495	2.10124	-0.44684	lidar	0.721695	-25.6952	-4.89995	-25.7055	-4.7486	-2.15956	4.2893
1477010462050000	-25.8568	-4.58731	4.76597	2.08309	-0.435725	radar	0.156008	-25.8162	-4.40681	-25.8105	-4.53268	-2.04149	4.34764
1477010462100000	-25.9668	-4.35449	4.78574	2.05458	-0.442041	lidar	0.45049	-25.9516	-4.26659	-25.9096	-4.31392	-1.92202	4.40279
1477010462150000	-26.0738	-4.13445	4.79149	2.00434	-0.521079	radar	11.2484	-26.8953	-4.43966	-26.0027	-4.0925	-1.80125	4.45471
1477010462200000	-26.1604	-3.86512	4.83402	1.96414	-0.53439	lidar	2.0863	-26.1198	-3.67723	-26.0897	-3.86856	-1.67928	4.50337
1477010462250000	-26.2331	-3.63036	4.83741	1.90791	-0.60744	radar	3.44045	-26.5652	-3.85723	-26.1706	-3.64227	-1.55623	4.54875
1477010462300000	-26.2596	-3.36533	4.84823	1.85399	-0.633216	lidar	4.44513	-25.9974	-3.24722	-26.2453	-3.41381	-1.4322	4.59081
1477010462350000	-26.3091	-3.12447	4.85059	1.80721	-0.666432	radar	0.361514	-26.2976	-3.01078	-26.3138	-3.18332	-1.30729	4.62954
1477010462400000	-26.3326	-2.88396	4.8422	1.76302	-0.679288	lidar	1.32504	-26.1741	-2.87885	-26.376	-2.95098	-1.18162	4.66493
1477010462450000	-26.3925	-2.65725	4.83559	1.74384	-0.650533	radar	1.50252	-26.4681	-3.44967	-26.4319	-2.71697	-1.05529	4.69696
1477010462500000	-26.4714	-2.48382	4.78352	1.73389	-0.630556	lidar	5.81683	-26.674	-2.73852	-26.4815	-2.48143	-0.928411	4.72562
1477010462550000	-26.528	-2.24858	4.78663	1.72149	-0.587937	radar	1.10302	-26.657	-1.72382	-26.5247	-2.24456	-0.80109	4.75091
1477010462600000	-26.5788	-2.04387	4.75858	1.70191	-0.579637	lidar	1.36687	-26.6691	-2.17333	-26.5616	-2.0065	-0.673434	4.77284
1477010462650000	-26.6106	-1.80571	4.75904	1.68564	-0.543909	radar	2.00283	-26.3248	-1.32261	-26.5921	-1.76744	-0.545553	4.79141
1477010462700000	-26.6078	-1.56092	4.7608	1.64789	-0.555516	lidar	1.09507	-26.4671	-1.53207	-26.6161	-1.52753	-0.417552	4.80664
1477010462750000	-26.6044	-1.32765	4.75493	1.60329	-0.594065	radar	1.69602	-26.4998	-2.19526	-26.6338	-1.28695	-0.289538	4.81852
1477010462800000	-26.6075	-1.10014	4.74391	1.57373	-0.594777	lidar	0.102802	-26.5998	-1.14277	-26.6451	-1.04586	-0.161616	4.8271
1477010462850000	-26.6375	-0.87139	4.73957	1.56064	-0.569355	radar	5.21829	-27.2008	-1.67679	-26.65	-0.804425	-0.0338883	4.83238
1477010462900000	-26.6481	-0.627537	4.74979	1.53813	-0.561917	lidar	0.458677	-26.7355	-0.59539	-26.6485	-0.562811	0.0935412	4.83439
1477010462950000	-26.6349	-0.387297	4.75666	1.49793	-0.596072	radar	2.1991	-26.9891	0.0351487	-26.6406	-0.321181	0.220572	4.83317
1477010463000000	-26.5883	-0.110216	4.79819	1.45774	-0.604629	lidar	2.5349	-26.4553	0.0602653	-26.6264	-0.0796947	0.347104	4.82874
1477010463050000	-26.5691	0.127512	4.80019	1.42837	-0.610259	radar	2.08028	-26.9537	0.136943	-26.6059	0.161489	0.473041	4.82116
1477010463100000	-26.5456	0.40469	4.84494	1.4036	-0.600495	lidar	1.90295	-26.6201	0.57588	-26.5792	0.402213	0.598287	4.81045
1477010463150000	-26.5342	0.642447	4.84008	1.39816	-0.5503	radar	1.76324	-26.8241	0.381506	-26.5462	0.642323	0.722748	4.79667
1477010463200000	-26.528	0.914906	4.87778	1.3863	-0.530133	lidar	3.31754	-26.7293	1.06082	-26.5069	0.881666	0.846334	4.77986
1477010463250000	-26.4908	1.16785	4.88587	1.38294	-0.468325	radar	7.04698	-25.9562	2.60409	-26.4616	1.12009	0.968955	4.76007
1477010463300000	-26.4354	1.40989	4.8893	1.35704	-0.470862	lidar	0.0797299	-26.3986	1.42212	-26.4101	1.35745	1.09053	4.73737
1477010463350000	-26.396	1.63357	4.86974	1.34555	-0.444998	radar	8.0092	-26.5072	-0.563928	-26.3526	1.59361	1.21096	4.71181
1477010463400000	-26.342	1.85544	4.85339	1.32359	-0.445573	lidar	0.228912	-26.3594	1.79315	-26.2891	1.82841	1.33018	4.68345
1477010463450000	-26.2729	2.08611	4.85229	1.29236	-0.467181	radar	0.307807	-26.3475	1.82827	-26.2197	2.06173	1.44811	4.65235
1477010463500000	-26.2106	2.29292	4.82352	1.26978	-0.46775	lidar	0.723904	-26.2502	2.18481	-26.1444	2.29342	1.56467	4.61859
1477010463550000	-26.1476	2.52336	4.81921	1.26029	-0.433868	radar	0.626245	-26.069	2.27896	-26.0633	2.52336	1.67979	4.58223
1477010463600000	-26.0705	2.76242	4.83087	1.23915	-0.432693	lidar	0.111472	-26.0641	2.80701	-25.9765	2.75141	1.79339	4.54334
1477010463650000	-25.974	2.98371	4.83488	1.1915	-0.499212	radar	3.08974	-26.3234	3.02388	-25.8841	2.97746	1.90543	4.502
1477010463700000	-25.8751	3.248	4.88047	1.16829	-0.495075	lidar	1.71475	-25.8345	3.42005	-25.7861	3.20139	2.01582	4.45828
1477010463750000	-25.7924	3.47551	4.88207	1.14781	-0.493734	radar	2.13149	-26.1824	3.73376	-25.6826	3.42306	2.12452	4.41227
1477010463800000	-25.6856	3.6846	4.87026	1.12027	-0.497542	lidar	0.1549	-25.6666	3.63509	-25.5737	3.64239	2.23146	4.36404
1477010463850000	-25.5685	3.89349	4.86488	1.08803	-0.512098	radar	1.11399	-25.5773	3.13316	-25.4596	3.85924	2.3366	4.31367
1477010463900000	-25.4988	4.08775	4.82981	1.07583	-0.498849	lidar	3.72021	-25.7492	3.99968	-25.3402	4.07353	2.43989	4.26125
1477010463950000	-25.3751	4.2922	4.82599	1.04616	-0.507154	radar	0.615106	-25.3516	3.75691	-25.2157	4.28514	2.54127	4.20686
1477010464000000	-25.216	4.50368	4.84337	1.00911	-0.519479	lidar	2.02187	-25.0214	4.52803	-25.0863	4.49399	2.64071	4.15058
1477010464050000	-25.0656	4.7021	4.83967	0.987464	-0.492884	radar	8.99079	-24.2719	4.30917	-24.9518	4.69998	2.73817	4.09251
1477010464100000	-24.9463	4.89951	4.83021	0.96788	-0.487651	lidar	0.436283	-25.0363	4.88499	-24.8126	4.90303	2.83361	4.03273
1477010464150000	-24.7901	5.09106	4.83127	0.937993	-0.491374	radar	2.31736	-24.3609	4.95947	-24.6686	5.10304	2.92701	3.97132
1477010464200000	-24.6239	5.29695	4.85377	0.908988	-0.49517	lidar	0.920916	-24.5041	5.35293	-24.5201	5.29995	3.01833	3.90839
1477010464250000	-24.4519	5.47275	4.85756	0.862047	-0.543546	radar	0.899801	-24.4379	5.24592	-24.367	5.49367	3.10754	3.84401
1477010464300000	-24.2644	5.64461	4.86119	0.823884	-0.555917	lidar	1.22267	-24.1159	5.61152	-24.2095	5.68414	3.19464	3.77827
1477010464350000	-24.0981	5.80775	4.85307	0.786638	-0.579989	radar	3.12169	-24.5638	4.75836	-24.0477	5.8713	3.27959	3.71127
1477010464400000	-23.9228	5.96987	4.84737	0.755393	-0.582958	lidar	0.0415358	-23.9153	5.94377	-23.8818	6.05508	3.36239	3.64309
1477010464450000	-23.7788	6.16334	4.833	0.773843	-0.474663	radar	4.8957	-23.5491	6.44495	-23.7117	6.23542	3.44302	3.57383
1477010464500000	-23.6102	6.32199	4.8221	0.749766	-0.475787	lidar	0.124145	-23.6471	6.29102	-23.5377	6.41227	3.52148	3.50357
1477010464550000	-23.46	6.50294	4.81329	0.751353	-0.425165	radar	1.76587	-23.7544	6.53746	-23.3598	6.58559	3.59775	3.4324
1477010464600000	-23.2439	6.70608	4.87372	0.730363	-0.42135	lidar	4.19703	-23.0099	6.86182	-23.1781	6.75533	3.67185	3.36041
1477010464650000	-23.0469	6.85075	4.86602	0.705343	-0.41788	radar	5.5079	-22.7862	5.74143	-22.9928	6.92146	3.74376	3.28768
1477010464700000	-22.837	7.01783	4.89131	0.681256	-0.420314	lidar	1.10079	-22.6991	7.063	-22.804	7.08393	3.8135	3.21431
1477010464750000	-22.6246	7.15048	4.89464	0.641579	-0.454699	radar	1.62856	-22.418	6.76159	-22.6117	7.24273	3.88106	3.14038
1477010464800000	-22.439	7.29968	4.89038	0.623574	-0.449436	lidar	0.264359	-22.5083	7.31524	-22.4161	7.39782	3.94647	3.06598
1477010464850000	-22.2117	7.41774	4.90784	0.566276	-0.526624	radar	2.71344	-22.0543	7.85452	-22.2173	7.54917	4.00974	2.99118
1477010464900000	-22.0312	7.58104	4.91391	0.558059	-0.505293	lidar	2.14136	-22.1947	7.69478	-22.0154	7.69679	4.07087	2.91607
1477010464950000	-21.8483	7.75158	4.91302	0.570057	-0.431892	radar	5.72471	-21.6178	9.0351	-21.8105	7.84064	4.12989	2.84074
1477010465000000	-21.6415	7.89535	4.92227	0.553264	-0.425771	lidar	0.117236	-21.6473	7.94	-21.6026	7.98072	4.18681	2.76526
1477010465050000	-21.4492	8.03307	4.9118	0.545058	-0.401696	radar	1.52725	-21.8637	7.78661	-21.392	8.11703	4.24166	2.68971
1477010465100000	-21.216	8.08169	4.87428	0.493655	-0.440204	lidar	4.50141	-21.0853	7.83229	-21.1787	8.24957	4.29447	2.61417
1477010465150000	-21.0236	8.24368	4.87032	0.517556	-0.344033	radar	6.1222	-20.5503	9.28616	-20.9628	8.37833	4.34526	2.53871
1477010465200000	-20.8452	8.39723	4.86632	0.520254	-0.320545	lidar	2.95027	-21.0519	8.50983	-20.7444	8.50333	4.39406	2.46341
1477010465250000	-20.6057	8.50114	4.88916	0.478753	-0.374529	radar	4.58087	-19.9265	9.40847	-20.5237	8.62457	4.4409	2.38835
1477010465300000	-20.3626	8.63051	4.92328	0.46145	-0.371685	lidar	1.40843	-20.21	8.68914	-20.3006	8.74206	4.48582	2.31358
1477010465350000	-20.1618	8.76737	4.91256	0.47386	-0.307077	radar	1.55594	-20.2277	8.8532	-20.0753	8.85583	4.52884	2.23919
1477010465400000	-19.9597	8.87469	4.8958	0.46084	-0.304835	lidar	0.558449	-20.0633	8.86724	-19.848	8.96589	4.57001	2.16524
1477010465450000	-19.7566	9.00208	4.88455	0.469554	-0.253763	radar	1.1518	-19.9264	8.78179	-19.6186	9.07227	4.60937	2.09179
1477010465500000	-19.5318	9.07702	4.86901	0.443053	-0.270382	lidar	0.81517	-19.4861	8.96665	-19.3873	9.17499	4.64694	2.01891
1477010465550000	-19.2934	9.18013	4.89028	0.419055	-0.294718	radar	4.45644	-18.5719	10.2069	-19.1542	9.27409	4.68278	1.94666
1477010465600000	-19.0148	9.26059	4.92889	0.387694	-0.313414	lidar	6.10231	-18.6786	9.19191	-18.9193	9.36959	4.71692	1.8751
1477010465650000	-18.7949	9.34686	4.92039	0.368479	-0.323451	radar	1.68926	-19.2825	8.98189	-18.6827	9.46154	4.7494	1.80429
1477010465700000	-18.5446	9.44338	4.94458	0.352507	-0.322595	lidar	0.792622	-18.4242	9.46852	-18.4446	9.54996	4.78028	1.73429
1477010465750000	-18.2807	9.46731	4.95688	0.286619	-0.418832	radar	6.03878	-18.1634	8.72444	-18.2049	9.63492	4.80959	1.66514
1477010465800000	-18.0019	9.58418	5.02142	0.278513	-0.401528	lidar	3.91494	-17.7736	9.72478	-17.9639	9.71643	4.83737	1.59691
1477010465850000	-17.7591	9.67316	5.0224	0.280495	-0.351804	radar	2.90758	-17.2296	9.97767	-17.7214	9.79457	4.86368	1.52964
1477010465900000	-17.4906	9.77775	5.06665	0.274047	-0.336778	lidar	1.78137	-17.3436	9.88109	-17.4777	9.86936	4.88856	1.46338
1477010465950000	-17.2457	9.84911	5.07157	0.25682	-0.341031	radar	0.519009	-17.1554	10.212	-17.2328	9.94087	4.91205	1.39818
1477010466000000	-16.9798	9.97107	5.11926	0.261288	-0.313584	lidar	2.26737	-16.8876	10.145	-16.9868	10.0091	4.93421	1.33408
1477010466050000	-16.7282	10.0323	5.12316	0.242526	-0.319594	radar	0.128428	-16.5958	10.1078	-16.7396	10.0743	4.95507	1.27113
1477010466100000	-16.4799	10.1446	5.14592	0.247869	-0.293524	lidar	1.64536	-16.5153	10.3091	-16.4915	10.1362	4.97469	1.20937
1477010466150000	-16.2269	10.2062	5.1531	0.228261	-0.307442	radar	0.66774	-16.09	10.5824	-16.2424	10.1952	4.99311	1.14883
1477010466200000	-15.9819	10.2427	5.13869	0.205587	-0.31644	lidar	0.23543	-16.006	10.1843	-15.9924	10.2511	5.01039	1.08956
1477010466250000	-15.7347	10.3076	5.13547	0.201652	-0.292462	radar	0.244929	-15.7234	10.41	-15.7416	10.3041	5.02655	1.03159
1477010466300000	-15.4998	10.3143	5.10179	0.171339	-0.31193	lidar	1.18875	-15.5699	10.1904	-15.4899	10.3543	5.04166	0.974957
1477010466350000	-15.2149	10.3244	5.13926	0.121819	-0.383557	radar	8.13122	-14.2385	10.9109	-15.2376	10.4016	5.05576	0.919692
1477010466400000	-14.9531	10.3829	5.15677	0.114223	-0.369171	lidar	0.489454	-14.9365	10.4722	-14.9846	10.4462	5.06889	0.865828
1477010466450000	-14.7043	10.4256	5.13445	0.124415	-0.297161	radar	6.48991	-14.724	9.63507	-14.7309	10.4882	5.0811	0.813394
1477010466500000	-14.4509	10.3995	5.11487	0.0863308	-0.32602	lidar	1.91943	-14.4088	10.222	-14.4766	10.5276	5.09243	0.762418
1477010466550000	-14.1908	10.4258	5.11917	0.075818	-0.312793	radar	0.653794	-13.9005	10.5238	-14.2218	10.5645	5.10293	0.712926
1477010466600000	-13.8995	10.5697	5.19325	0.111584	-0.24739	lidar	8.66139	-13.8049	10.9383	-13.9665	10.5989	5.11263	0.664944
1477010466650000	-13.6426	10.6356	5.18952	0.132317	-0.178216	radar	1.96037	-13.3956	10.7857	-13.7107	10.631	5.12159	0.618496
1477010466700000	-13.3851	10.6413	5.18232	0.111944	-0.192271	lidar	0.505195	-13.3556	10.5517	-13.4545	10.6608	5.12983	0.573603
1477010466750000	-13.1226	10.6654	5.18916	0.0973995	-0.203583	radar	0.295955	-12.9374	10.8137	-13.1979	10.6884	5.13741	0.530288
1477010466800000	-12.8674	10.7626	5.2054	0.117468	-0.167115	lidar	3.90873	-12.9591	11.0099	-12.9409	10.7138	5.14436	0.48857
1477010466850000	-12.6038	10.8128	5.21398	0.120911	-0.146827	radar	1.38287	-12.2518	11.2495	-12.6836	10.7373	5.15071	0.448467
1477010466900000	-12.3572	10.7877	5.18695	0.0916961	-0.172838	lidar	1.87509	-12.3713	10.6091	-12.426	10.7587	5.15651	0.409997
1477010466950000	-12.0978	10.828	5.18747	0.097701	-0.142142	radar	0.492822	-11.9352	10.9161	-12.1681	10.7783	5.16179	0.373177
1477010467000000	-11.849	10.8944	5.18832	0.107874	-0.121609	lidar	1.84041	-11.9451	11.0515	-11.91	10.7961	5.16658	0.338022
1477010467050000	-11.5745	10.9122	5.20507	0.0951202	-0.133396	radar	2.80472	-10.9703	10.9676	-11.6516	10.8121	5.17092	0.304546
1477010467100000	-11.3369	10.9324	5.18167	0.0878962	-0.13393	lidar	0.731406	-11.4548	10.9407	-11.393	10.8265	5.17484	0.272761
1477010467150000	-11.0736	10.8582	5.18969	0.00150902	-0.3008	radar	9.97935	-11.3472	10.5111	-11.1342	10.8394	5.17836	0.242681
1477010467200000	-10.7872	10.8261	5.21171	-0.0265398	-0.315976	lidar	2.88424	-10.6009	10.6823	-10.8753	10.8509	5.18153	0.214317
1477010467250000	-10.5312	10.8229	5.20688	-0.0380306	-0.30748	radar	0.165571	-10.6563	10.8369	-10.6161	10.8609	5.18435	0.187679
1477010467300000	-10.2915	10.8196	5.18698	-0.0496809	-0.303357	lidar	0.934921	-10.4142	10.8747	-10.3569	10.8697	5.18687	0.162776
1477010467350000	-10.0368	10.8823	5.17081	-0.00199432	-0.172942	radar	6.77282	-9.90413	11.2255	-10.0976	10.8772	5.1891	0.139618
1477010467400000	-9.77854	10.9274	5.17845	0.00857907	-0.149206	lidar	1.87758	-9.83445	11.1032	-9.83809	10.8837	5.19106	0.118212
1477010467450000	-9.53782	10.9137	5.15536	-0.00278648	-0.150448	radar	4.09447	-10.195	10.3498	-9.57852	10.8891	5.19278	0.0985664
1477010467500000	-9.27975	10.9374	5.15985	-4.30095e-05	-0.138072	lidar	0.562447	-9.3066	11.0348	-9.31887	10.8936	5.19428	0.0806865
1477010467550000	-9.02734	10.9218	5.14889	-0.00808272	-0.13103	radar	2.739	-9.2226	10.3527	-9.05915	10.8972	5.19557	0.0645787
1477010467600000	-8.76745	10.95	5.15629	-0.00216806	-0.116232	lidar	0.832013	-8.78899	11.0707	-8.79937	10.9001	5.19667	0.050248
1477010467650000	-8.51941	10.9109	5.14042	-0.0227211	-0.132817	radar	6.65812	-8.83914	10.0319	-8.53953	10.9023	5.19759	0.0376992
1477010467700000	-8.33	10.8408	5.0589	-0.0544223	-0.161885	lidar	6.62485	-8.62045	10.6577	-8.27965	10.9039	5.19835	0.0269359
1477010467750000	-8.07382	10.858	5.0604	-0.0394391	-0.116466	radar	1.26465	-7.91543	11.1157	-8.01974	10.905	5.19896	0.0179617
1477010467800000	-7.76617	10.8892	5.1253	-0.0282382	-0.0963268	lidar	4.0599	-7.51971	11.0005	-7.75979	10.9057	5.19942	0.0107791
1477010467850000	-7.50243	10.8911	5.12902	-0.0180666	-0.059164	radar	1.89166	-7.25987	10.6458	-7.49981	10.9061	5.19975	0.00539029
1477010467900000	-7.23387	10.8753	5.14129	-0.0252919	-0.064278	lidar	0.500402	-7.15631	10.815	-7.23983	10.9063	5.19994	0.00179692
1477010467950000	-6.98827	10.9129	5.12464	0.0082677	0.0129438	radar	3.43867	-7.39396	11.0181	-6.97983	10.9064	5.2	-7.84874e-15
