time_stamp	px_state	py_state	v_state	yaw_angle_state	yaw_rate_state	sensor_type	NIS	px_measured	py_measured	px_ground_truth	py_ground_truth	vx_ground_truth	vy_ground_truth
1477010443000000	0.312243	0.58034	0	0	0	lidar	0	0.312243	0.58034	0.6	0.6	5.19994	0
1477010443100000	1.15507	0.483257	0.0838637	5.63785e-18	1.38778e-17	lidar	0.728616	1.17385	0.481073	1.11998	0.600225	5.19943	0.00538996
1477010443200000	1.45022	0.553201	0.998707	0.00947811	0.00223357	lidar	4.81307	1.65063	0.62469	1.6399	0.601347	5.19839	0.0179597
1477010443300000	1.92286	0.588974	2.47075	0.102932	0.0320044	lidar	8.19818	2.18882	0.648739	2.1597	0.604086	5.19678	0.0376932
1477010443400000	2.48532	0.646505	3.26955	0.133408	0.0409128	lidar	4.39823	2.65526	0.66598	2.67932	0.609155	5.1945	0.0645654
1477010443500000	2.91355	0.64152	3.58753	-0.034914	-0.0278447	lidar	1.38076	3.01222	0.637046	3.19869	0.617267	5.19147	0.0985415
1477010443600000	3.59333	0.376965	4.36734	-0.536383	-0.271406	lidar	9.98807	3.89365	0.311793	3.71772	0.62913	5.18754	0.139576
1477010443700000	4.16467	0.489766	4.64628	-0.0404542	0.241257	lidar	3.99953	4.30935	0.578564	4.23632	0.645449	5.18256	0.187614
1477010443800000	4.50911	0.758072	4.22656	0.28341	0.708576	lidar	4.48445	4.35143	0.899174	4.75437	0.666921	5.17634	0.242587
1477010443900000	5.17575	0.724526	4.92397	0.13088	0.147938	lidar	10.2494	5.51894	0.648233	5.27175	0.694234	5.16867	0.304413
1477010444000000	5.81265	0.725442	5.29261	0.0514993	-0.0882114	lidar	3.51223	6.022	0.708619	5.78828	0.728072	5.15932	0.372999
1477010444100000	6.33089	0.882061	5.3264	0.174197	0.189478	lidar	0.595801	6.34249	0.948833	6.30379	0.769103	5.14803	0.448233
1477010444200000	6.82956	0.810073	5.23902	0.0431667	-0.105919	lidar	1.26128	6.78214	0.714036	6.81808	0.817988	5.13452	0.52999
1477010444300000	7.26687	0.912061	5.10129	0.105295	0.0262561	lidar	1.45971	7.13735	0.957217	7.3309	0.875373	5.11851	0.618123
1477010444400000	7.78639	0.821705	5.10181	-0.00397318	-0.162374	lidar	1.15601	7.80533	0.719126	7.84199	0.941886	5.09966	0.712469
1477010444500000	8.27736	0.829628	5.07526	-0.009824	-0.146442	lidar	0.0701747	8.24796	0.840322	8.35106	1.01814	5.07766	0.812843
1477010444600000	8.76995	0.941341	5.06192	0.0562262	-0.0288911	lidar	1.12204	8.74615	1.04858	8.85775	1.10473	5.05216	0.919037
1477010444700000	9.26714	1.00952	5.05452	0.0789371	0.00622569	lidar	0.149787	9.25579	1.04913	9.36172	1.20223	5.0228	1.03082
1477010444800000	9.85486	1.23945	5.22725	0.190027	0.150588	lidar	6.04372	10.0484	1.44598	9.86254	1.31118	4.98922	1.14794
1477010444900000	10.3274	1.39831	5.16882	0.238786	0.193281	lidar	0.721482	10.2492	1.45907	10.3598	1.4321	4.95106	1.2701
1477010445000000	10.7986	1.49457	5.10997	0.244109	0.176713	lidar	0.421042	10.7313	1.45265	10.853	1.56549	4.90794	1.39701
1477010445100000	11.3841	1.61202	5.27092	0.248161	0.158901	lidar	2.65856	11.587	1.61462	11.3416	1.71179	4.85948	1.52832
1477010445200000	11.8572	1.74831	5.20885	0.269165	0.165471	lidar	0.397255	11.7788	1.74591	11.8251	1.87144	4.80531	1.66366
1477010445300000	12.349	1.84739	5.1765	0.265904	0.142046	lidar	0.344405	12.3226	1.78353	12.3029	2.04482	4.74508	1.80265
1477010445400000	12.7626	2.06879	5.06493	0.328354	0.200313	lidar	2.81094	12.5924	2.17509	12.7743	2.23227	4.67842	1.94485
1477010445500000	13.1877	2.3074	5.00958	0.387941	0.248236	lidar	1.43225	13.0875	2.40708	13.2388	2.43409	4.605	2.08981
1477010445600000	13.7038	2.54463	5.13013	0.424124	0.261186	lidar	1.53986	13.836	2.62479	13.6955	2.65053	4.52448	2.23703
1477010445700000	14.1761	2.82924	5.18763	0.479793	0.296848	lidar	0.971569	14.2106	2.94205	14.1439	2.88179	4.43656	2.38601
1477010445800000	14.5829	3.01668	5.06414	0.492369	0.276913	lidar	1.73153	14.4616	2.90734	14.583	3.12802	4.34097	2.5362
1477010445900000	15.0172	3.35391	5.12258	0.562469	0.328631	lidar	1.66401	15.0261	3.5067	15.0122	3.38932	4.23744	2.68703
1477010446000000	15.4634	3.70388	5.21194	0.621766	0.360413	lidar	1.30155	15.5236	3.82936	15.4306	3.66572	4.12575	2.83789
1477010446100000	15.9128	4.00562	5.2543	0.646277	0.345757	lidar	0.280654	15.9774	4.00094	15.8375	3.95719	4.00571	2.98817
1477010446200000	16.3228	4.37132	5.29231	0.699131	0.367982	lidar	0.383141	16.3313	4.44499	16.2319	4.26363	3.87716	3.13723
1477010446300000	16.6835	4.70721	5.22501	0.741726	0.375788	lidar	0.480989	16.6039	4.67344	16.613	4.5849	3.74	3.28438
1477010446400000	17.0325	5.12176	5.24648	0.808694	0.411903	lidar	0.680887	16.9955	5.21099	16.9799	4.92077	3.59416	3.42897
1477010446500000	17.3562	5.48643	5.17955	0.8514	0.414455	lidar	0.451362	17.2894	5.43542	17.3319	5.27094	3.4396	3.57028
1477010446600000	17.7336	5.78757	5.11766	0.845074	0.35599	lidar	2.08497	17.7853	5.62476	17.6679	5.63506	3.27637	3.70762
1477010446700000	18.087	6.17096	5.13867	0.871828	0.344884	lidar	0.105979	18.1263	6.16985	17.9872	6.01269	3.10453	3.84027
1477010446800000	18.3383	6.60936	5.10453	0.944801	0.392719	lidar	1.26245	18.2164	6.66138	18.2888	6.40332	2.92421	3.96753
1477010446900000	18.6093	6.94029	4.95904	0.963545	0.368427	lidar	2.40238	18.5422	6.76013	18.572	6.80638	2.7356	4.08867
1477010447000000	18.983	7.28466	4.97291	0.942429	0.296816	lidar	2.61853	19.1441	7.18344	18.8359	7.22122	2.53893	4.20299
1477010447100000	19.1711	7.76039	4.96798	1.03081	0.369163	lidar	2.64277	19.0138	7.8688	19.0798	7.64712	2.3345	4.3098
1477010447200000	19.318	8.1807	4.84986	1.10516	0.415966	lidar	2.5075	19.132	8.12845	19.3028	8.08329	2.12266	4.40842
1477010447300000	19.4728	8.52247	4.65099	1.14384	0.414085	lidar	3.96601	19.347	8.30741	19.5042	8.5289	1.90381	4.49819
1477010447400000	19.783	8.91886	4.71565	1.12255	0.336982	lidar	3.48658	20.0039	8.8906	19.6835	8.983	1.67841	4.57848
1477010447500000	20.0404	9.37719	4.81697	1.13659	0.312333	lidar	1.33752	20.1574	9.45949	19.8398	9.44463	1.44697	4.64869
1477010447600000	20.2042	9.84848	4.84388	1.18948	0.338518	lidar	0.411068	20.1573	9.90876	19.9728	9.91275	1.21005	4.70826
1477010447700000	20.2935	10.3604	4.88104	1.27443	0.400307	lidar	2.0036	20.166	10.4687	20.0818	10.3863	0.968259	4.75666
1477010447800000	20.4004	10.8881	4.96371	1.33799	0.428166	lidar	1.06422	20.371	11.0109	20.1663	10.864	0.722256	4.7934
1477010447900000	20.4337	11.3698	4.91803	1.41395	0.468771	lidar	1.00227	20.3164	11.3483	20.2261	11.3449	0.472738	4.81807
1477010448000000	20.541	11.8802	4.9806	1.44379	0.447412	lidar	0.610609	20.6141	11.9422	20.2608	11.8275	0.220439	4.83027
1477010448100000	20.488	12.417	5.01627	1.54437	0.514712	lidar	2.34904	20.3263	12.4966	20.2701	12.3108	-0.0338694	4.82968
1477010448200000	20.4924	12.9097	5.00323	1.59323	0.511712	lidar	0.0217379	20.498	12.8924	20.254	12.7933	-0.28939	4.81605
1477010448300000	20.3637	13.3376	4.85878	1.69286	0.572559	lidar	3.86089	20.1943	13.1688	20.2122	13.2738	-0.545298	4.78918
1477010448400000	20.3037	13.8389	4.89921	1.74395	0.564479	lidar	0.195168	20.3245	13.8896	20.1449	13.7509	-0.800753	4.74892
1477010448500000	20.1736	14.3233	4.91289	1.81641	0.583784	lidar	0.206937	20.1216	14.337	20.0521	14.2233	-1.0549	4.69521
1477010448600000	19.9409	14.7859	4.92009	1.92492	0.644774	lidar	1.85761	19.781	14.773	19.934	14.6897	-1.30687	4.62805
1477010448700000	19.8562	15.234	4.86915	1.94063	0.5861	lidar	1.98414	20.0208	15.2053	19.7908	15.1486	-1.55581	4.54751
1477010448800000	19.7578	15.6473	4.76311	1.9596	0.539249	lidar	2.22465	19.9131	15.554	19.6229	15.5989	-1.80085	4.45372
1477010448900000	19.5301	16.0575	4.74132	2.03445	0.564899	lidar	0.376485	19.4748	16.0098	19.4307	16.039	-2.04114	4.3469
1477010449000000	19.276	16.4093	4.65085	2.11703	0.59745	lidar	1.35348	19.238	16.2719	19.2148	16.4679	-2.27586	4.22731
1477010449100000	19.0169	16.8106	4.67599	2.17717	0.597645	lidar	0.0630955	19.0029	16.8387	18.9757	16.8841	-2.50418	4.0953
1477010449200000	18.7005	17.245	4.80579	2.24059	0.600566	lidar	1.68729	18.6148	17.3832	18.7142	17.2866	-2.72534	3.95127
1477010449300000	18.2855	17.5827	4.8658	2.35496	0.665463	lidar	2.4339	18.1023	17.5529	18.4309	17.674	-2.93858	3.79568
1477010449400000	18.0351	17.9689	4.8296	2.36217	0.594263	lidar	2.60337	18.2094	18.0461	18.1268	18.0453	-3.14318	3.62906
1477010449500000	17.7565	18.2795	4.71661	2.39807	0.567306	lidar	1.63113	17.9018	18.2183	17.8026	18.3994	-3.3385	3.45199
1477010449600000	17.4	18.6267	4.76976	2.44202	0.551344	lidar	0.40882	17.3845	18.7039	17.4595	18.7353	-3.5239	3.26509
1477010449700000	17.0772	18.9163	4.6957	2.48159	0.533327	lidar	0.702616	17.1762	18.8863	17.0983	19.0521	-3.69883	3.06904
1477010449800000	16.6512	19.1397	4.69672	2.57189	0.577755	lidar	0.98789	16.5734	19.052	16.7201	19.3488	-3.86278	2.86455
1477010449900000	16.2531	19.4629	4.78413	2.59597	0.536377	lidar	1.63161	16.2338	19.6171	16.3262	19.6246	-4.01531	2.65237
1477010450000000	15.8735	19.7633	4.79966	2.61277	0.491897	lidar	1.00524	15.9243	19.8703	15.9176	19.8789	-4.15602	2.43329
1477010450100000	15.4543	20.0617	4.86664	2.63365	0.457247	lidar	1.04379	15.4332	20.1836	15.4956	20.111	-4.28461	2.2081
1477010450200000	15.0885	20.3493	4.82552	2.63578	0.404976	lidar	1.48646	15.2016	20.4385	15.0613	20.3203	-4.4008	1.97763
1477010450300000	14.6652	20.5868	4.83334	2.67005	0.397425	lidar	0.034307	14.6665	20.6088	14.6161	20.5063	-4.50443	1.74272
1477010450400000	14.1656	20.7158	4.86678	2.76191	0.460103	lidar	2.02837	14.0521	20.5924	14.1611	20.6686	-4.59537	1.50421
1477010450500000	13.6274	20.8181	4.94922	2.85709	0.518902	lidar	2.36639	13.4686	20.7253	13.6977	20.807	-4.67357	1.26294
1477010450600000	13.1329	20.8999	4.9471	2.93284	0.547803	lidar	0.409106	13.1072	20.8294	13.2271	20.9211	-4.73904	1.01975
1477010450700000	12.7197	21.0215	4.84073	2.9602	0.515912	lidar	1.65287	12.8729	21.0592	12.7506	21.0108	-4.79186	0.775469
1477010450800000	12.2316	21.1007	4.8622	3.01121	0.51494	lidar	0.0467016	12.2062	21.11	12.2695	21.0761	-4.83219	0.530912
1477010450900000	11.7231	21.041	4.86543	3.11969	0.58403	lidar	2.36303	11.6814	20.8651	11.785	21.117	-4.86022	0.286869
1477010451000000	11.2763	21.051	4.79898	3.16828	0.573011	lidar	0.507861	11.363	21.0688	11.2982	21.1335	-4.87623	0.0441057
1477010451100000	10.8255	20.9879	4.74389	3.24271	0.594529	lidar	0.529425	10.8903	20.927	10.8105	21.1259	-4.88053	-0.196643
1477010451200000	10.3061	21.0335	4.83801	3.24831	0.528025	lidar	3.07593	10.189	21.209	10.3229	21.0943	-4.87349	-0.434674
1477010451300000	9.87889	20.9731	4.74394	3.2998	0.527491	lidar	0.883496	9.99634	20.9797	9.83658	21.0391	-4.85554	-0.669327
1477010451400000	9.45192	20.8817	4.67476	3.35616	0.532537	lidar	0.489617	9.53921	20.8762	9.35258	20.9607	-4.82714	-0.899977
1477010451500000	8.90827	20.7925	4.83375	3.39263	0.510806	lidar	2.76178	8.70331	20.8221	8.87192	20.8594	-4.78881	-1.12605
1477010451600000	8.37865	20.5961	4.97339	3.47076	0.542205	lidar	2.41772	8.22277	20.4839	8.39557	20.7358	-4.74108	-1.34701
1477010451700000	7.90461	20.4339	4.98466	3.51862	0.534392	lidar	0.0421802	7.88599	20.45	7.92445	20.5903	-4.68453	-1.56237
1477010451800000	7.36084	20.3034	5.10134	3.52876	0.480784	lidar	2.74651	7.18029	20.392	7.45939	20.4237	-4.61975	-1.7717
1477010451900000	6.86731	20.1351	5.12681	3.55601	0.455284	lidar	0.375799	6.81542	20.1859	7.00119	20.2364	-4.54738	-1.97462
1477010452000000	6.39643	19.9556	5.11506	3.58314	0.433006	lidar	0.250397	6.38914	20.0137	6.55059	20.0292	-4.46805	-2.17079
1477010452100000	5.91162	19.7694	5.13257	3.60226	0.403439	lidar	0.456764	5.86119	19.8306	6.10823	19.8027	-4.38241	-2.35993
1477010452200000	5.53063	19.5412	5.00459	3.65294	0.4168	lidar	1.72767	5.69089	19.5755	5.67472	19.5577	-4.29114	-2.5418
1477010452300000	5.11767	19.3424	4.93175	3.67428	0.392375	lidar	0.819733	5.17021	19.4397	5.25059	19.2948	-4.19488	-2.71622
1477010452400000	4.76422	19.0399	4.86461	3.74746	0.434311	lidar	1.35349	4.89149	18.982	4.8363	19.015	-4.09432	-2.88305
1477010452500000	4.4001	18.7804	4.79568	3.78706	0.43013	lidar	0.483892	4.4685	18.834	4.43224	18.7188	-3.99012	-3.0422
1477010452600000	4.10206	18.4748	4.68601	3.8548	0.461279	lidar	1.70223	4.26269	18.481	4.03876	18.4071	-3.88293	-3.19362
1477010452700000	3.65801	18.1733	4.81677	3.86743	0.419176	lidar	2.61768	3.45919	18.167	3.65611	18.0807	-3.77339	-3.33732
1477010452800000	3.24905	17.8191	4.92884	3.90311	0.410601	lidar	1.29319	3.12525	17.7493	3.28449	17.7402	-3.66215	-3.47331
1477010452900000	2.90161	17.5915	4.78589	3.89835	0.355911	lidar	3.49753	2.9449	17.8154	2.92405	17.3866	-3.54982	-3.60167
1477010453000000	2.56504	17.1974	4.85253	3.95844	0.385239	lidar	0.860531	2.55407	17.0853	2.57486	17.0205	-3.437	-3.72251
1477010453100000	2.24521	16.8359	4.84904	3.99939	0.388198	lidar	0.00551086	2.25371	16.8334	2.23695	16.6427	-3.32428	-3.83595
1477010453200000	1.9346	16.342	5.01052	4.08109	0.438977	lidar	3.86146	1.88972	16.1054	1.91027	16.254	-3.21219	-3.94216
1477010453300000	1.57126	15.9929	5.01932	4.07575	0.37924	lidar	1.73569	1.44745	16.0853	1.59474	15.8549	-3.10129	-4.04132
1477010453400000	1.25331	15.5357	5.12085	4.11866	0.384501	lidar	1.04456	1.18395	15.4284	1.29021	15.4463	-2.99207	-4.13364
1477010453500000	0.888757	15.0841	5.24944	4.13004	0.3506	lidar	2.20452	0.722706	15.0075	0.996486	15.0288	-2.88503	-4.21933
1477010453600000	0.652696	14.6572	5.17937	4.17808	0.366906	lidar	0.617889	0.737301	14.7047	0.71333	14.603	-2.78061	-4.29864
1477010453700000	0.344855	14.2122	5.22568	4.19234	0.339157	lidar	0.588226	0.253435	14.2029	0.440459	14.1696	-2.67925	-4.37181
1477010453800000	0.231709	13.7169	5.15168	4.29232	0.420669	lidar	3.79444	0.459172	13.6856	0.177545	13.7292	-2.58135	-4.43909
1477010453900000	-0.0523497	13.2656	5.19057	4.2938	0.370429	lidar	1.40123	-0.190344	13.2856	-0.0757753	13.2823	-2.48728	-4.50075
1477010454000000	-0.146861	12.8233	5.04509	4.36874	0.418347	lidar	3.24932	0.0462308	12.9301	-0.319903	12.8295	-2.39739	-4.55704
1477010454100000	-0.370742	12.357	5.0747	4.38017	0.38056	lidar	0.803663	-0.476482	12.3633	-0.555273	12.3714	-2.31202	-4.60823
1477010454200000	-0.552732	11.9288	5.00211	4.39655	0.354398	lidar	0.871717	-0.582624	12.0386	-0.78235	11.9083	-2.23144	-4.65456
1477010454300000	-0.875955	11.4482	5.12072	4.35222	0.255156	lidar	6.33923	-1.17212	11.3988	-1.00163	11.4409	-2.15594	-4.69628
1477010454400000	-1.1821	11.0012	5.14676	4.31166	0.173509	lidar	3.3499	-1.39289	11.0424	-1.21362	10.9695	-2.08575	-4.73364
1477010454500000	-1.42018	10.4962	5.22552	4.3154	0.156755	lidar	0.766114	-1.49687	10.4198	-1.41889	10.4945	-2.02111	-4.76686
1477010454600000	-1.62535	10.085	5.1094	4.31498	0.136698	lidar	1.51472	-1.61875	10.2374	-1.61797	10.0165	-1.96221	-4.79615
1477010454700000	-1.79	9.64265	5.04027	4.33656	0.146301	lidar	0.528685	-1.73381	9.71347	-1.81147	9.53564	-1.90924	-4.82172
1477010454800000	-1.94658	9.04419	5.24273	4.38552	0.188704	lidar	4.91955	-1.93833	8.77028	-1.99998	9.05243	-1.86233	-4.84374
1477010454900000	-2.13529	8.54721	5.2587	4.3929	0.174504	lidar	0.125107	-2.1768	8.5411	-2.18412	8.56717	-1.82164	-4.86238
1477010455000000	-2.2692	8.07875	5.18902	4.41727	0.183252	lidar	0.52386	-2.21875	8.15339	-2.3645	8.0802	-1.78726	-4.87778
1477010455100000	-2.48577	7.59352	5.20985	4.40177	0.141391	lidar	0.903751	-2.59674	7.60288	-2.54177	7.59184	-1.75931	-4.89006
1477010455200000	-2.701	7.0911	5.25461	4.38963	0.108778	lidar	0.723576	-2.79865	7.064	-2.71658	7.10238	-1.73786	-4.89933
1477010455300000	-2.82646	6.67642	5.08856	4.40533	0.114994	lidar	2.77635	-2.74651	6.86867	-2.88957	6.61214	-1.72295	-4.90566
1477010455400000	-2.94939	6.20159	5.0555	4.428	0.12885	lidar	0.205753	-2.90217	6.22989	-3.0614	6.12139	-1.71464	-4.90911
1477010455500000	-3.11771	5.66054	5.16867	4.43517	0.121583	lidar	1.3076	-3.1778	5.53101	-3.23274	5.63043	-1.71295	-4.9097
1477010455600000	-3.32144	5.14942	5.22753	4.419	0.0864199	lidar	0.959378	-3.43031	5.10507	-3.40424	5.13955	-1.71787	-4.90745
1477010455700000	-3.55359	4.61498	5.33087	4.3939	0.0445188	lidar	1.92931	-3.69435	4.52196	-3.57657	4.64902	-1.72939	-4.90233
1477010455800000	-3.82756	4.09714	5.41011	4.35038	-0.0149381	lidar	2.34125	-4.00238	4.04684	-3.75039	4.15913	-1.74749	-4.8943
1477010455900000	-3.96965	3.6386	5.30197	4.36433	0.00394326	lidar	1.35089	-3.88053	3.75177	-3.92635	3.67019	-1.77212	-4.8833
1477010456000000	-4.15275	3.16596	5.26085	4.35971	-0.00239484	lidar	0.187445	-4.15119	3.21968	-4.10509	3.18248	-1.8032	-4.86925
1477010456100000	-4.3269	2.63416	5.32358	4.36882	0.00935824	lidar	0.45888	-4.32451	2.55034	-4.28727	2.69633	-1.84065	-4.85202
1477010456200000	-4.5456	2.12366	5.36517	4.35354	-0.0107536	lidar	0.374744	-4.61223	2.09192	-4.47352	2.21205	-1.88436	-4.83149
1477010456300000	-4.78327	1.59854	5.43643	4.33437	-0.0332135	lidar	0.758415	-4.86829	1.53442	-4.66444	1.72998	-1.93422	-4.80751
1477010456400000	-4.86764	1.14565	5.27516	4.37412	0.0203078	lidar	4.01214	-4.66779	1.28643	-4.86066	1.25049	-1.99007	-4.7799
1477010456500000	-4.97501	0.699255	5.14716	4.39757	0.0470256	lidar	1.99046	-4.85498	0.825661	-5.06277	0.77393	-2.05174	-4.74848
1477010456600000	-5.13045	0.224919	5.12077	4.40111	0.0456231	lidar	0.0707346	-5.1231	0.257311	-5.27133	0.300706	-2.11906	-4.71303
1477010456700000	-5.29241	-0.24621	5.09754	4.40031	0.0389963	lidar	0.0768269	-5.29972	-0.212982	-5.4869	-0.168772	-2.1918	-4.67335
1477010456800000	-5.60916	-0.631176	5.01952	4.31561	-0.071004	lidar	6.75684	-5.85359	-0.445801	-5.71001	-0.634069	-2.26974	-4.62919
1477010456900000	-5.8277	-1.14603	5.12548	4.30666	-0.0731203	lidar	1.12612	-5.87835	-1.26863	-5.94118	-1.09472	-2.35262	-4.58032
1477010457000000	-6.12551	-1.575	5.11868	4.24967	-0.134724	lidar	1.8869	-6.27263	-1.50938	-6.18087	-1.55025	-2.44014	-4.52648
1477010457100000	-6.34711	-2.0649	5.16949	4.24691	-0.121175	lidar	0.345032	-6.34007	-2.13685	-6.42954	-2.00014	-2.532	-4.46742
1477010457200000	-6.66379	-2.49235	5.17774	4.19194	-0.174104	lidar	1.3758	-6.79288	-2.4458	-6.68761	-2.44386	-2.62788	-4.40288
1477010457300000	-6.8722	-2.9952	5.22829	4.20942	-0.130688	lidar	1.1603	-6.8003	-3.10086	-6.95546	-2.88084	-2.7274	-4.3326
1477010457400000	-7.13147	-3.39048	5.13477	4.18111	-0.149987	lidar	1.04735	-7.12118	-3.26434	-7.23344	-3.3105	-2.83017	-4.25632
1477010457500000	-7.44271	-3.71633	4.99415	4.11969	-0.207879	lidar	3.60447	-7.49009	-3.49081	-7.52184	-3.73223	-2.93579	-4.1738
1477010457600000	-7.77612	-4.17695	5.11971	4.08982	-0.218329	lidar	1.63806	-7.88049	-4.29783	-7.82094	-4.14538	-3.04381	-4.08479
1477010457700000	-8.12403	-4.65205	5.26147	4.06552	-0.220459	lidar	2.01557	-8.22492	-4.79812	-8.13095	-4.5493	-3.15376	-3.98906
1477010457800000	-8.40345	-5.08481	5.24491	4.06484	-0.194158	lidar	0.366757	-8.33552	-5.1059	-8.45204	-4.94331	-3.26514	-3.88641
1477010457900000	-8.79243	-5.49719	5.31492	4.01757	-0.228248	lidar	1.05806	-8.91477	-5.51752	-8.78433	-5.32669	-3.37745	-3.77663
1477010458000000	-9.1036	-5.87212	5.23698	3.9993	-0.223034	lidar	0.620967	-9.03391	-5.80267	-9.12788	-5.69872	-3.49012	-3.65955
1477010458100000	-9.41818	-6.12035	4.9968	3.94683	-0.261658	lidar	6.49368	-9.30811	-5.82368	-9.4827	-6.05868	-3.60261	-3.53503
1477010458200000	-9.7142	-6.50997	4.98059	3.9513	-0.223936	lidar	0.749435	-9.62547	-6.55958	-9.84874	-6.4058	-3.71431	-3.40295
1477010458300000	-10.1198	-6.84848	5.02807	3.90195	-0.256944	lidar	0.782198	-10.2246	-6.83402	-10.2259	-6.73933	-3.82463	-3.26321
1477010458400000	-10.5791	-7.21339	5.17416	3.85167	-0.286454	lidar	2.57585	-10.7616	-7.29159	-10.614	-7.05849	-3.93293	-3.11577
1477010458500000	-11.0599	-7.54267	5.28223	3.79347	-0.322263	lidar	1.806	-11.2219	-7.56979	-11.0128	-7.36252	-4.03859	-2.96062
1477010458600000	-11.3574	-7.81006	5.05439	3.78617	-0.293294	lidar	5.62988	-11.0934	-7.6776	-11.422	-7.65064	-4.14093	-2.79777
1477010458700000	-11.6961	-8.01591	4.85117	3.7448	-0.309671	lidar	4.25916	-11.5269	-7.8215	-11.8413	-7.92208	-4.23932	-2.6273
1477010458800000	-12.1038	-8.2152	4.7806	3.68593	-0.344452	lidar	1.11124	-12.09	-8.08828	-12.2702	-8.17609	-4.33309	-2.44932
1477010458900000	-12.4924	-8.38932	4.6758	3.63202	-0.369107	lidar	1.40957	-12.4231	-8.2599	-12.7082	-8.41193	-4.42156	-2.26399
1477010459000000	-13.0316	-8.60433	4.86843	3.56235	-0.407415	lidar	4.5005	-13.2911	-8.64594	-13.1547	-8.62886	-4.50407	-2.07151
1477010459100000	-13.4555	-8.71817	4.76307	3.49469	-0.441365	lidar	1.67988	-13.384	-8.57583	-13.6092	-8.82619	-4.57997	-1.87214
1477010459200000	-13.9303	-8.91358	4.83766	3.46329	-0.425011	lidar	0.68687	-13.9959	-8.99264	-14.0709	-9.00324	-4.64861	-1.6662
1477010459300000	-14.3989	-9.10384	4.88457	3.44125	-0.399632	lidar	0.532615	-14.4273	-9.1875	-14.5391	-9.15936	-4.70936	-1.45402
1477010459400000	-14.9341	-9.16014	4.94768	3.35201	-0.45884	lidar	2.11081	-15.062	-9.04396	-15.013	-9.29397	-4.76161	-1.23603
1477010459500000	-15.489	-9.36571	5.13222	3.34943	-0.404412	lidar	4.8128	-15.6682	-9.56749	-15.4916	-9.40649	-4.80476	-1.01269
1477010459600000	-16.0182	-9.51198	5.20259	3.32975	-0.378566	lidar	0.809565	-16.0862	-9.59819	-15.9741	-9.49642	-4.83827	-0.784484
1477010459700000	-16.5017	-9.51197	5.11558	3.25355	-0.425866	lidar	1.8176	-16.4229	-9.37029	-16.4594	-9.5633	-4.8616	-0.55198
1477010459800000	-17.0441	-9.50626	5.15915	3.1828	-0.459806	lidar	0.747058	-17.1132	-9.43043	-16.9464	-9.60673	-4.87427	-0.315773
1477010459900000	-17.5538	-9.53905	5.15558	3.14845	-0.44564	lidar	0.0998485	-17.5448	-9.57485	-17.4342	-9.62636	-4.87583	-0.0765024
1477010460000000	-18.0399	-9.48946	5.09782	3.08516	-0.469165	lidar	0.606501	-17.9724	-9.42299	-17.9216	-9.62194	-4.86588	0.165151
1477010460100000	-18.464	-9.51291	4.94972	3.07103	-0.430444	lidar	2.95393	-18.2763	-9.60997	-18.4074	-9.59325	-4.84408	0.40847
1477010460200000	-18.9554	-9.48605	4.94858	3.03704	-0.419334	lidar	0.0627273	-18.9545	-9.51544	-18.8904	-9.54017	-4.81012	0.652707
1477010460300000	-19.3997	-9.29833	4.87654	2.93268	-0.496657	lidar	3.55179	-19.2983	-9.09865	-19.3694	-9.46265	-4.76378	0.897083
1477010460400000	-19.8715	-9.10096	4.89041	2.84128	-0.547767	lidar	1.34617	-19.8731	-8.96417	-19.8431	-9.36071	-4.70487	1.1408
1477010460500000	-20.289	-9.18962	4.73022	2.90374	-0.405893	lidar	12.7928	-20.1607	-9.59663	-20.3102	-9.23446	-4.63328	1.38303
1477010460600000	-20.7169	-9.00982	4.70144	2.83118	-0.445214	lidar	0.864882	-20.6596	-8.91527	-20.7696	-9.08409	-4.54895	1.62296
1477010460700000	-21.1168	-8.85211	4.6264	2.77937	-0.454693	lidar	0.608378	-21.0195	-8.85081	-21.2198	-8.90987	-4.45191	1.85972
1477010460800000	-21.5353	-8.74982	4.57274	2.76754	-0.414345	lidar	1.10839	-21.5029	-8.87191	-21.6597	-8.71217	-4.34224	2.0925
1477010460900000	-21.9635	-8.57352	4.58542	2.72683	-0.413389	lidar	0.0165164	-21.9793	-8.57089	-22.0881	-8.49143	-4.22007	2.32043
1477010461000000	-22.442	-8.37501	4.69771	2.69401	-0.402388	lidar	1.32225	-22.5838	-8.35296	-22.5035	-8.24817	-4.08564	2.5427
1477010461100000	-22.8873	-7.98538	4.86888	2.57322	-0.498041	lidar	7.38569	-22.9861	-7.6724	-22.9049	-7.98301	-3.93923	2.75848
1477010461200000	-23.3453	-7.66507	4.99882	2.51298	-0.509302	lidar	1.75693	-23.4777	-7.56583	-23.2911	-7.69663	-3.78118	2.967
1477010461300000	-23.676	-7.35382	4.90302	2.44246	-0.534031	lidar	1.20383	-23.5408	-7.36069	-23.6609	-7.3898	-3.61191	3.16746
1477010461400000	-24.017	-7.10953	4.78328	2.41647	-0.502587	lidar	1.93503	-23.9384	-7.26171	-24.0132	-7.06336	-3.43189	3.35916
1477010461500000	-24.3162	-6.65499	4.85159	2.29856	-0.583126	lidar	3.69262	-24.2574	-6.4352	-24.347	-6.71823	-3.24166	3.54138
1477010461600000	-24.5235	-6.32489	4.65889	2.22213	-0.607612	lidar	4.00674	-24.3008	-6.43799	-24.6612	-6.35538	-3.0418	3.71347
1477010461700000	-24.9127	-5.95097	4.80694	2.20504	-0.552864	lidar	3.68982	-25.146	-5.91902	-24.955	-5.97587	-2.83295	3.87484
1477010461800000	-25.1922	-5.58663	4.77358	2.16226	-0.538192	lidar	0.220909	-25.1941	-5.64372	-25.2276	-5.58079	-2.61581	4.02492
1477010461900000	-25.4874	-5.16162	4.85224	2.11704	-0.526923	lidar	0.67823	-25.5713	-5.10241	-25.4779	-5.1713	-2.39109	4.16322
1477010462000000	-25.7224	-4.79289	4.76962	2.07767	-0.511658	lidar	0.793689	-25.6952	-4.89995	-25.7055	-4.7486	-2.15956	4.2893
1477010462100000	-25.942	-4.33699	4.82133	2.01655	-0.523207	lidar	0.330693	-25.9516	-4.26659	-25.9096	-4.31392	-1.92202	4.40279
1477010462200000	-26.1234	-3.82521	4.92296	1.93896	-0.552779	lidar	1.45265	-26.1198	-3.67723	-26.0897	-3.86856	-1.67928	4.50337
1477010462300000	-26.1764	-3.31531	4.90885	1.82291	-0.626398	lidar	2.65688	-25.9974	-3.24722	-26.2453	-3.41381	-1.4322	4.59081
1477010462400000	-26.244	-2.84722	4.86495	1.74378	-0.646936	lidar	0.398317	-26.1741	-2.87885	-26.376	-2.95098	-1.18162	4.66493
1477010462500000	-26.4577	-2.4912	4.72764	1.76892	-0.540253	lidar	7.5697	-26.674	-2.73852	-26.4815	-2.48143	-0.928411	4.72562
1477010462600000	-26.5905	-2.07467	4.66705	1.74721	-0.50192	lidar	1.10286	-26.6691	-2.17333	-26.5616	-2.0065	-0.673434	4.77284
1477010462700000	-26.5864	-1.58537	4.68831	1.65681	-0.550224	lidar	1.22101	-26.4671	-1.53207	-26.6161	-1.52753	-0.417552	4.80664
1477010462800000	-26.6088	-1.12568	4.67364	1.60002	-0.552493	lidar	0.0241095	-26.5998	-1.14277	-26.6451	-1.04586	-0.161616	4.8271
1477010462900000	-26.6564	-0.641138	4.7168	1.56739	-0.524821	lidar	0.57263	-26.7355	-0.59539	-26.6485	-0.562811	0.0935412	4.83439
1477010463000000	-26.5698	-0.0989988	4.83859	1.47451	-0.572337	lidar	2.58677	-26.4553	0.0602653	-26.6264	-0.0796947	0.347104	4.82874
1477010463100000	-26.5516	0.439318	4.9475	1.43813	-0.545994	lidar	1.52572	-26.6201	0.57588	-26.5792	0.402213	0.598287	4.81045
1477010463200000	-26.5728	0.96815	5.01428	1.43504	-0.483078	lidar	2.33573	-26.7293	1.06082	-26.5069	0.881666	0.846334	4.77986
1477010463300000	-26.4559	1.4493	4.99697	1.36755	-0.50641	lidar	0.288544	-26.3986	1.42212	-26.4101	1.35745	1.09053	4.73737
1477010463400000	-26.3479	1.89174	4.91756	1.31691	-0.50712	lidar	0.629609	-26.3594	1.79315	-26.2891	1.82841	1.33018	4.68345
1477010463500000	-26.2247	2.30912	4.81607	1.26774	-0.506184	lidar	1.0291	-26.2502	2.18481	-26.1444	2.29342	1.56467	4.61859
1477010463600000	-26.0683	2.77714	4.84007	1.2178	-0.505138	lidar	0.0581577	-26.0641	2.80701	-25.9765	2.75141	1.79339	4.54334
1477010463700000	-25.8727	3.28493	4.95232	1.1666	-0.504903	lidar	1.26006	-25.8345	3.42005	-25.7861	3.20139	2.01582	4.45828
1477010463800000	-25.6645	3.70326	4.9003	1.11018	-0.512623	lidar	0.30026	-25.6666	3.63509	-25.5737	3.64239	2.23146	4.36404
1477010463900000	-25.55	4.10132	4.76507	1.10618	-0.456498	lidar	3.38854	-25.7492	3.99968	-25.3402	4.07353	2.43989	4.26125
1477010464000000	-25.2137	4.51486	4.8378	1.0067	-0.521245	lidar	2.61765	-25.0214	4.52803	-25.0863	4.49399	2.64071	4.15058
1477010464100000	-24.9777	4.90888	4.79929	0.967776	-0.505593	lidar	0.270423	-25.0363	4.88499	-24.8126	4.90303	2.83361	4.03273
1477010464200000	-24.6281	5.30811	4.88023	0.890022	-0.537783	lidar	1.1713	-24.5041	5.35293	-24.5201	5.29995	3.01833	3.90839
1477010464300000	-24.2385	5.64912	4.90968	0.797191	-0.584859	lidar	1.17746	-24.1159	5.61152	-24.2095	5.68414	3.19464	3.77827
1477010464400000	-23.8947	5.97536	4.87975	0.737975	-0.586136	lidar	0.0907485	-23.9153	5.94377	-23.8818	6.05508	3.36239	3.64309
1477010464500000	-23.5678	6.2968	4.83427	0.697303	-0.564988	lidar	0.430703	-23.6471	6.29102	-23.5377	6.41227	3.52148	3.50357
1477010464600000	-23.1383	6.67966	5.00941	0.651381	-0.549947	lidar	3.17683	-23.0099	6.86182	-23.1781	6.75533	3.67185	3.36041
1477010464700000	-22.725	7.00211	5.05723	0.604967	-0.538968	lidar	0.2858	-22.6991	7.063	-22.804	7.08393	3.8135	3.21431
1477010464800000	-22.374	7.29999	4.98096	0.582548	-0.501537	lidar	1.25522	-22.5083	7.31524	-22.4161	7.39782	3.94647	3.06598
1477010464900000	-22.0394	7.62038	4.91582	0.581421	-0.44257	lidar	2.1102	-22.1947	7.69478	-22.0154	7.69679	4.07087	2.91607
1477010465000000	-21.6339	7.90292	4.92386	0.549103	-0.428019	lidar	0.111981	-21.6473	7.94	-21.6026	7.98072	4.18681	2.76526
1477010465100000	-21.1558	8.03066	4.88493	0.44244	-0.505846	lidar	3.19274	-21.0853	7.83229	-21.1787	8.24957	4.29447	2.61417
1477010465200000	-20.8321	8.3429	4.79885	0.472024	-0.409023	lidar	5.42995	-21.0519	8.50983	-20.7444	8.50333	4.39406	2.46341
1477010465300000	-20.3438	8.59518	4.92886	0.435695	-0.402633	lidar	1.7107	-20.21	8.68914	-20.3006	8.74206	4.48582	2.31358
1477010465400000	-19.9511	8.82646	4.86327	0.423302	-0.369075	lidar	0.977626	-20.0633	8.86724	-19.848	8.96589	4.57001	2.16524
1477010465500000	-19.4973	8.99816	4.86057	0.375969	-0.381777	lidar	0.0807793	-19.4861	8.96665	-19.3873	9.17499	4.64694	2.01891
1477010465600000	-18.9272	9.16526	5.05136	0.312424	-0.411584	lidar	4.05177	-18.6786	9.19191	-18.9193	9.36959	4.71692	1.8751
1477010465700000	-18.4428	9.36933	5.09398	0.298213	-0.378437	lidar	0.714452	-18.4242	9.46852	-18.4446	9.54996	4.78028	1.73429
1477010465800000	-17.9034	9.58644	5.2286	0.287341	-0.34458	lidar	2.36546	-17.7736	9.72478	-17.9639	9.71643	4.83737	1.59691
1477010465900000	-17.3871	9.7842	5.2856	0.277892	-0.313649	lidar	0.779737	-17.3436	9.88109	-17.4777	9.86936	4.88856	1.46338
1477010466000000	-16.887	10.0087	5.31671	0.28844	-0.262135	lidar	1.35761	-16.8876	10.145	-16.9868	10.0091	4.93421	1.33408
1477010466100000	-16.4243	10.218	5.26715	0.298815	-0.217343	lidar	1.19514	-16.5153	10.3091	-16.4915	10.1362	4.97469	1.20937
1477010466200000	-15.9423	10.2981	5.19283	0.24864	-0.252444	lidar	1.16738	-16.006	10.1843	-15.9924	10.2511	5.01039	1.08956
1477010466300000	-15.4739	10.3335	5.08871	0.188859	-0.295264	lidar	2.01645	-15.5699	10.1904	-15.4899	10.3543	5.04166	0.974957
1477010466400000	-14.9632	10.4403	5.11542	0.166807	-0.285917	lidar	0.116153	-14.9365	10.4722	-14.9846	10.4462	5.06889	0.865828
1477010466500000	-14.4378	10.4028	5.10838	0.0820967	-0.355389	lidar	2.44032	-14.4088	10.222	-14.4766	10.5276	5.09243	0.762418
1477010466600000	-13.8981	10.6281	5.2215	0.135653	-0.244104	lidar	7.44752	-13.8049	10.9383	-13.9665	10.5989	5.11263	0.664944
1477010466700000	-13.3713	10.6371	5.22392	0.0841854	-0.277658	lidar	0.550931	-13.3556	10.5517	-13.4545	10.6608	5.12983	0.573603
1477010466800000	-12.8882	10.8069	5.1871	0.12245	-0.195969	lidar	3.37362	-12.9591	11.0099	-12.9409	10.7138	5.14436	0.48857
1477010466900000	-12.3701	10.7645	5.17193	0.054578	-0.255795	lidar	1.76685	-12.3713	10.6091	-12.426	10.7587	5.15651	0.409997
1477010467000000	-11.8846	10.8911	5.13515	0.0807819	-0.191888	lidar	2.13599	-11.9451	11.0515	-11.91	10.7961	5.16658	0.338022
1477010467100000	-11.3985	10.9334	5.09064	0.0654965	-0.187178	lidar	0.208275	-11.4548	10.9407	-11.393	10.8265	5.17484	0.272761
1477010467200000	-10.8003	10.8505	5.24041	-0.0103526	-0.257386	lidar	4.66443	-10.6009	10.6823	-10.8753	10.8509	5.18153	0.214317
1477010467300000	-10.3194	10.8533	5.1653	-0.027915	-0.24761	lidar	0.611217	-10.4142	10.8747	-10.3569	10.8697	5.18687	0.162776
1477010467400000	-9.81407	10.9389	5.15062	-0.00132935	-0.184209	lidar	2.00453	-9.83445	11.1032	-9.83809	10.8837	5.19106	0.118212
1477010467500000	-9.3022	10.9732	5.14723	-0.000581675	-0.160531	lidar	0.278301	-9.3066	11.0348	-9.31887	10.8936	5.19428	0.0806865
1477010467600000	-8.78876	11.0088	5.14689	0.00261926	-0.136741	lidar	0.280244	-8.78899	11.0707	-8.79937	10.9001	5.19667	0.050248
1477010467700000	-8.3804	10.87	4.95571	-0.076691	-0.21805	lidar	6.9767	-8.62045	10.6577	-8.27965	10.9039	5.19835	0.0269359
1477010467800000	-7.77502	10.8947	5.15705	-0.0642843	-0.17522	lidar	4.99271	-7.51971	11.0005	-7.75979	10.9057	5.19942	0.0107791
1477010467900000	-7.22965	10.841	5.21662	-0.0890208	-0.183929	lidar	0.392224	-7.15631	10.815	-7.23983	10.9063	5.19994	0.00179692
